1	261
2	97
3	16
4	219
5	236
6	154
7	7
8	400
9	234
10	334
11	248
12	41
13	310
14	220
15	137
16	282
17	362
18	166
19	304
20	261
21	62
22	108
23	398
24	50
25	160
26	458
27	395
28	42
29	355
30	105
31	465
32	397
33	425
34	256
35	432
36	79
37	60
38	105
39	55
40	314
41	359
42	65
43	50
44	124
45	55
46	34
47	280
48	342
49	122
50	295
51	161
52	385
53	403
54	224
55	45
56	231
57	174
58	118
59	241
60	260
61	304
62	220
63	105
64	193
65	113
66	332
67	161
68	73
69	42
70	58
71	367
72	395
73	131
74	76
75	469
76	96
77	137
78	367
79	252
80	185
81	433
82	99
83	294
84	410
85	232
86	381
87	396
88	380
89	344
90	74
91	93
92	204
93	425
94	453
95	54
96	55
97	55
98	272
99	36
100	160
101	458
102	391
103	119
104	371
105	148
106	458
107	122
108	446
109	211
110	203
111	102
112	412
113	291
114	355
115	320
116	295
117	236
118	76
119	369
120	92
121	65
122	354
123	149
124	298
125	102
126	369
127	419
128	173
129	265
130	50
131	128
132	247
133	324
134	170
135	134
136	311
137	211
138	45
139	339
140	167
141	26
142	468
143	448
144	415
145	128
146	277
147	117
148	24
149	229
150	275
151	58
152	29
153	321
154	362
155	112
156	445
157	306
158	85
159	252
160	337
161	267
162	219
163	88
164	210
165	282
166	458
167	316
168	297
169	266
170	458
171	105
172	33
173	157
174	268
175	196
176	26
177	117
178	266
179	277
180	55
181	263
182	182
183	225
184	150
185	225
186	84
187	264
188	108
189	333
190	382
191	59
192	460
193	3
194	467
195	324
196	178
197	460
198	315
199	137
200	126
201	272
202	125
203	431
204	415
205	181
206	280
207	323
208	90
209	16
210	148
211	134
212	44
213	208
214	177
215	344
216	440
217	3
218	135
219	212
220	416
221	129
222	442
223	282
224	61
225	74
226	193
227	278
228	233
229	105
230	2
231	399
232	321
233	386
234	465
235	405
236	176
237	266
238	314
239	325
240	56
241	258
242	164
243	54
244	240
245	168
246	189
247	211
248	271
249	168
250	66
251	189
252	204
253	16
254	458
255	148
256	161
257	294
258	97
259	185
260	363
261	456
262	82
263	160
264	354
265	388
266	184
267	256
268	220
269	357
270	294
271	408
272	417
273	76
274	339
275	347
276	455
277	88
278	387
279	270
280	110
281	2
282	252
283	179
284	352
285	294
286	213
287	204
288	188
289	467
290	367
291	176
292	295
293	334
294	378
295	430
296	421
297	86
298	181
299	253
300	390
301	4
302	3
303	440
304	339
305	62
306	222
307	401
308	357
309	189
310	440
311	288
312	133
313	371
314	136
315	282
316	275
317	240
318	39
319	233
320	455
321	60
322	100
323	129
324	398
325	187
326	203
327	262
328	177
329	136
330	161
331	108
332	148
333	154
334	59
335	350
336	236
337	341
338	252
339	191
340	24
341	426
342	298
343	261
344	112
345	195
346	210
347	134
348	232
349	270
350	33
351	400
352	375
353	469
354	388
355	202
356	219
357	1
358	36
359	56
360	125
361	365
362	165
363	175
364	9
365	38
366	333
367	160
368	89
369	111
370	111
371	431
372	154
373	126
374	291
375	440
376	210
377	200
378	227
379	85
380	253
381	148
382	147
383	458
384	215
385	1
386	448
387	206
388	146
389	222
390	286
391	288
392	454
393	371
394	332
395	3
396	316
397	127
398	84
399	326
400	178
401	193
402	196
403	338
404	222
405	101
406	415
407	431
408	456
409	443
410	465
411	276
412	415
413	400
414	112
415	119
416	269
417	290
418	194
419	96
420	184
421	325
422	409
423	367
424	76
425	385
426	110
427	186
428	359
429	371
430	121
431	14
432	165
433	384
434	44
435	288
436	60
437	295
438	248
439	170
440	29
441	109
442	364
443	229
444	381
445	424
446	244
447	177
448	292
449	468
450	216
451	170
452	294
453	212
454	62
455	413
456	361
457	54
458	116
459	163
460	376
461	160
462	76
463	144
464	276
465	432
466	106
467	341
468	155
469	25
470	6
471	24
472	105
473	287
474	380
475	274
476	311
477	375
478	301
479	73
480	304
481	96
482	12
483	126
484	365
485	59
486	79
487	15
488	164
489	59
490	404
491	301
492	215
493	90
494	288
495	65
496	227
497	253
498	121
499	341
500	424
501	4
502	268
503	295
504	189
505	32
506	204
507	325
508	210
509	38
510	118
511	82
512	275
513	323
514	232
515	334
516	457
517	247
518	105
519	371
520	331
521	48
522	31
523	230
524	431
525	153
526	153
527	82
528	321
529	469
530	198
531	378
532	439
533	356
534	242
535	163
536	94
537	398
538	290
539	281
540	111
541	228
542	294
543	150
544	12
545	362
546	259
547	210
548	442
549	352
550	111
551	277
552	35
553	178
554	339
555	446
556	408
557	456
558	133
559	18
560	169
561	213
562	404
563	440
564	76
565	49
566	442
567	220
568	162
569	161
570	434
571	128
572	460
573	7
574	288
575	339
576	117
577	119
578	64
579	95
580	210
581	469
582	231
583	244
584	149
585	376
586	369
587	277
588	462
589	358
590	347
591	370
592	265
593	47
594	56
595	341
596	277
597	363
598	189
599	265
600	444
601	223
602	86
603	43
604	261
605	296
606	341
607	320
608	363
609	134
610	250
611	160
612	208
613	216
614	373
615	84
616	267
617	397
618	291
619	283
620	318
621	137
622	11
623	289
624	424
625	283
626	8
627	1
628	161
629	277
630	40
631	412
632	385
633	287
634	310
635	447
636	194
637	434
638	406
639	77
640	321
641	164
642	26
643	215
644	398
645	403
646	440
647	44
648	96
649	335
650	386
651	142
652	270
653	127
654	191
655	454
656	160
657	210
658	253
659	254
660	200
661	58
662	126
663	334
664	6
665	143
666	432
667	331
668	56
669	395
670	377
671	162
672	125
673	373
674	264
675	423
676	369
677	58
678	377
679	60
680	282
681	7
682	214
683	62
684	128
685	146
686	93
687	469
688	154
689	392
690	278
691	245
692	322
693	137
694	275
695	54
696	59
697	294
698	381
699	246
700	188
701	228
702	378
703	195
704	17
705	314
706	252
707	63
708	437
709	326
710	143
711	326
712	298
713	89
714	425
715	344
716	278
717	275
718	228
719	3
720	389
721	165
722	117
723	228
724	398
725	337
726	318
727	201
728	32
729	81
730	440
731	48
732	164
733	462
734	293
735	208
736	108
737	6
738	186
739	454
740	161
741	74
742	443
743	469
744	391
745	111
746	360
747	147
748	36
749	424
750	450
751	278
752	361
753	88
754	48
755	243
756	156
757	317
758	269
759	144
760	238
761	228
762	28
763	16
764	205
765	4
766	105
767	306
768	263
769	456
770	250
771	350
772	277
773	200
774	92
775	376
776	403
777	258
778	60
779	159
780	169
781	168
782	359
783	274
784	106
785	106
786	404
787	271
788	14
789	421
790	337
791	165
792	12
793	2
794	31
795	383
796	424
797	240
798	69
799	149
800	192
801	369
802	403
803	322
804	439
805	421
806	339
807	456
808	187
809	111
810	150
811	60
812	391
813	270
814	307
815	78
816	248
817	336
818	275
819	86
820	388
821	457
822	355
823	438
824	52
825	455
826	142
827	53
828	239
829	467
830	12
831	161
832	208
833	459
834	59
835	209
836	35
837	250
838	86
839	200
840	439
841	128
842	241
843	264
844	14
845	60
846	274
847	313
848	295
849	35
850	4
851	100
852	400
853	144
854	177
855	111
856	96
857	233
858	272
859	246
860	371
861	110
862	105
863	36
864	100
865	161
866	303
867	180
868	375
869	388
870	268
871	279
872	229
873	247
874	413
875	327
876	212
877	379
878	294
879	371
880	177
881	344
882	420
883	108
884	337
885	279
886	266
887	379
888	366
889	76
890	241
891	109
892	319
893	86
894	275
895	286
896	311
897	341
898	132
899	382
900	440
901	3
902	354
903	156
904	213
905	280
906	469
907	179
908	274
909	297
910	222
911	425
912	114
913	319
914	224
915	269
916	327
917	214
918	347
919	3
920	275
921	4
922	412
923	324
924	172
925	277
926	415
927	319
928	16
929	89
930	124
931	410
932	89
933	212
934	436
935	129
936	52
937	253
938	97
939	365
940	307
941	225
942	410
943	165
944	134
945	179
946	332
947	398
948	268
949	249
950	112
951	456
952	440
953	114
954	373
955	252
956	469
957	83
958	35
959	1
960	26
961	96
962	191
963	40
964	117
965	334
966	337
967	469
968	18
969	163
970	178
971	189
972	43
973	96
974	214
975	217
976	193
977	200
978	379
979	89
980	290
981	169
982	454
983	378
984	327
985	61
986	97
987	456
988	318
989	443
990	269
991	111
992	308
993	165
994	456
995	50
996	326
997	65
998	339
999	293
1000	323
1001	227
1002	80
1003	211
1004	278
1005	302
1006	313
1007	143
1008	189
1009	88
1010	301
1011	395
1012	272
1013	290
1014	264
1015	107
1016	16
1017	125
1018	274
1019	257
1020	139
1021	449
1022	253
1023	193
1024	378
1025	416
1026	14
1027	254
1028	326
1029	243
1030	59
1031	412
1032	304
1033	43
1034	161
1035	119
1036	224
1037	227
1038	354
1039	455
1040	4
1041	306
1042	363
1043	15
1044	296
1045	133
1046	408
1047	210
1048	144
1049	31
1050	81
1051	355
1052	351
1053	61
1054	333
1055	212
1056	90
1057	308
1058	65
1059	236
1060	127
1061	275
1062	306
1063	140
1064	241
1065	156
1066	71
1067	84
1068	313
1069	119
1070	360
1071	256
1072	407
1073	318
1074	192
1075	305
1076	58
1077	59
1078	163
1079	219
1080	77
1081	179
1082	43
1083	440
1084	421
1085	429
1086	451
1087	281
1088	283
1089	296
1090	108
1091	160
1092	110
1093	446
1094	77
1095	78
1096	228
1097	247
1098	341
1099	299
1100	399
1101	330
1102	334
1103	135
1104	338
1105	67
1106	416
1107	315
1108	376
1109	147
1110	419
1111	159
1112	126
1113	289
1114	84
1115	60
1116	405
1117	97
1118	252
1119	277
1120	252
1121	307
1122	3
1123	416
1124	32
1125	354
1126	447
1127	457
1128	434
1129	360
1130	395
1131	169
1132	395
1133	457
1134	355
1135	93
1136	135
1137	74
1138	357
1139	167
1140	24
1141	460
1142	341
1143	197
1144	151
1145	178
1146	256
1147	379
1148	303
1149	49
1150	420
1151	269
1152	187
1153	374
1154	442
1155	284
1156	56
1157	419
1158	221
1159	272
1160	263
1161	1
1162	391
1163	16
1164	62
1165	330
1166	225
1167	262
1168	3
1169	457
1170	458
1171	383
1172	324
1173	418
1174	136
1175	228
1176	106
1177	248
1178	380
1179	423
1180	280
1181	317
1182	346
1183	265
1184	327
1185	370
1186	74
1187	223
1188	88
1189	269
1190	416
1191	431
1192	67
1193	379
1194	17
1195	424
1196	86
1197	371
1198	178
1199	146
1200	340
1201	425
1202	211
1203	179
1204	334
1205	36
1206	1
1207	354
1208	113
1209	377
1210	223
1211	460
1212	370
1213	379
1214	278
1215	31
1216	352
1217	34
1218	298
1219	190
1220	210
1221	44
1222	219
1223	101
1224	159
1225	61
1226	58
1227	127
1228	211
1229	463
1230	301
1231	138
1232	30
1233	207
1234	271
1235	268
1236	220
1237	187
1238	195
1239	255
1240	53
1241	380
1242	248
1243	27
1244	277
1245	168
1246	257
1247	353
1248	96
1249	60
1250	42
1251	153
1252	141
1253	337
1254	462
1255	30
1256	290
1257	144
1258	415
1259	178
1260	96
1261	217
1262	453
1263	62
1264	462
1265	211
1266	44
1267	382
1268	382
1269	120
1270	235
1271	27
1272	79
1273	179
1274	205
1275	312
1276	246
1277	222
1278	371
1279	413
1280	321
1281	222
1282	195
1283	403
1284	28
1285	175
1286	462
1287	250
1288	4
1289	160
1290	295
1291	14
1292	65
1293	266
1294	260
1295	420
1296	365
1297	133
1298	150
1299	73
1300	400
1301	7
1302	38
1303	34
1304	15
1305	126
1306	188
1307	204
1308	65
1309	424
1310	110
1311	255
1312	55
1313	235
1314	339
1315	348
1316	98
1317	404
1318	432
1319	189
1320	348
1321	339
1322	74
1323	312
1324	285
1325	342
1326	109
1327	248
1328	89
1329	178
1330	16
1331	237
1332	222
1333	131
1334	219
1335	280
1336	396
1337	220
1338	223
1339	107
1340	109
1341	143
1342	246
1343	211
1344	23
1345	375
1346	264
1347	153
1348	310
1349	360
1350	116
1351	192
1352	295
1353	425
1354	462
1355	464
1356	178
1357	395
1358	201
1359	236
1360	84
1361	241
1362	442
1363	301
1364	225
1365	256
1366	39
1367	208
1368	468
1369	400
1370	42
1371	95
1372	424
1373	124
1374	159
1375	328
1376	305
1377	98
1378	240
1379	200
1380	238
1381	407
1382	42
1383	165
1384	189
1385	172
1386	35
1387	341
1388	381
1389	350
1390	65
1391	354
1392	85
1393	210
1394	469
1395	366
1396	205
1397	405
1398	135
1399	27
1400	87
1401	388
1402	126
1403	61
1404	111
1405	211
1406	295
1407	234
1408	178
1409	342
1410	111
1411	269
1412	308
1413	421
1414	23
1415	445
1416	446
1417	217
1418	148
1419	189
1420	237
1421	388
1422	127
1423	22
1424	159
1425	69
1426	84
1427	357
1428	360
1429	266
1430	177
1431	159
1432	101
1433	163
1434	41
1435	157
1436	82
1437	287
1438	231
1439	378
1440	365
1441	119
1442	408
1443	243
1444	12
1445	189
1446	360
1447	300
1448	467
1449	153
1450	249
1451	153
1452	318
1453	466
1454	455
1455	44
1456	176
1457	369
1458	3
1459	15
1460	110
1461	204
1462	28
1463	325
1464	298
1465	241
1466	143
1467	228
1468	273
1469	438
1470	178
1471	375
1472	361
1473	220
1474	296
1475	357
1476	315
1477	437
1478	341
1479	3
1480	446
1481	406
1482	76
1483	280
1484	220
1485	342
1486	391
1487	439
1488	247
1489	35
1490	31
1491	100
1492	401
1493	108
1494	114
1495	469
1496	457
1497	83
1498	261
1499	164
1500	85
1501	118
1502	1
1503	180
1504	342
1505	462
1506	213
1507	163
1508	442
1509	432
1510	369
1511	269
1512	248
1513	33
1514	216
1515	421
1516	399
1517	462
1518	455
1519	452
1520	65
1521	341
1522	274
1523	265
1524	81
1525	26
1526	204
1527	388
1528	69
1529	189
1530	133
1531	357
1532	314
1533	379
1534	20
1535	21
1536	105
1537	307
1538	305
1539	181
1540	438
1541	135
1542	378
1543	391
1544	455
1545	275
1546	359
1547	420
1548	23
1549	278
1550	122
1551	274
1552	360
1553	26
1554	243
1555	144
1556	258
1557	228
1558	457
1559	309
1560	204
1561	33
1562	187
1563	158
1564	48
1565	275
1566	435
1567	6
1568	333
1569	18
1570	324
1571	340
1572	184
1573	424
1574	248
1575	392
1576	110
1577	447
1578	284
1579	369
1580	59
1581	82
1582	127
1583	458
1584	285
1585	142
1586	389
1587	156
1588	275
1589	4
1590	140
1591	58
1592	442
1593	306
1594	74
1595	233
1596	6
1597	161
1598	98
1599	85
1600	131
1601	212
1602	142
1603	275
1604	345
1605	116
1606	117
1607	152
1608	246
1609	216
1610	105
1611	220
1612	240
1613	435
1614	316
1615	35
1616	219
1617	262
1618	399
1619	320
1620	23
1621	350
1622	436
1623	56
1624	363
1625	341
1626	211
1627	208
1628	9
1629	321
1630	176
1631	150
1632	166
1633	41
1634	165
1635	362
1636	333
1637	96
1638	145
1639	468
1640	153
1641	57
1642	427
1643	224
1644	287
1645	142
1646	212
1647	455
1648	272
1649	331
1650	322
1651	454
1652	266
1653	24
1654	391
1655	333
1656	395
1657	283
1658	37
1659	371
1660	458
1661	153
1662	134
1663	59
1664	448
1665	177
1666	462
1667	5
1668	233
1669	120
1670	469
1671	107
1672	367
1673	217
1674	414
1675	161
1676	226
1677	233
1678	61
1679	405
1680	241
1681	171
1682	23
1683	7
1684	257
1685	385
1686	222
1687	371
1688	144
1689	204
1690	424
1691	200
1692	329
1693	80
1694	65
1695	14
1696	289
1697	35
1698	379
1699	337
1700	364
1701	179
1702	424
1703	19
1704	50
1705	456
1706	3
1707	215
1708	337
1709	423
1710	51
1711	25
1712	327
1713	321
1714	420
1715	460
1716	276
1717	177
1718	119
1719	210
1720	7
1721	101
1722	427
1723	130
1724	242
1725	16
1726	148
1727	129
1728	93
1729	219
1730	205
1731	234
1732	356
1733	303
1734	15
1735	278
1736	455
1737	371
1738	76
1739	444
1740	447
1741	397
1742	347
1743	397
1744	96
1745	405
1746	357
1747	379
1748	305
1749	57
1750	236
1751	40
1752	225
1753	434
1754	214
1755	410
1756	464
1757	215
1758	265
1759	352
1760	374
1761	199
1762	177
1763	194
1764	421
1765	232
1766	304
1767	282
1768	171
1769	14
1770	42
1771	67
1772	97
1773	76
1774	301
1775	456
1776	29
1777	36
1778	390
1779	268
1780	200
1781	8
1782	282
1783	35
1784	291
1785	277
1786	104
1787	94
1788	267
1789	266
1790	107
1791	337
1792	396
1793	132
1794	418
1795	371
1796	45
1797	153
1798	15
1799	89
1800	333
1801	18
1802	444
1803	147
1804	132
1805	15
1806	100
1807	442
1808	163
1809	369
1810	82
1811	207
1812	234
1813	257
1814	185
1815	399
1816	1
1817	177
1818	223
1819	299
1820	456
1821	4
1822	159
1823	90
1824	48
1825	294
1826	178
1827	84
1828	417
1829	378
1830	181
1831	195
1832	74
1833	250
1834	163
1835	298
1836	455
1837	189
1838	420
1839	326
1840	340
1841	127
1842	115
1843	11
1844	228
1845	443
1846	378
1847	316
1848	424
1849	199
1850	36
1851	263
1852	71
1853	298
1854	374
1855	383
1856	82
1857	274
1858	212
1859	457
1860	137
1861	237
1862	335
1863	22
1864	461
1865	458
1866	91
1867	279
1868	2
1869	462
1870	130
1871	127
1872	360
1873	76
1874	84
1875	249
1876	85
1877	4
1878	50
1879	210
1880	430
1881	158
1882	445
1883	410
1884	110
1885	85
1886	365
1887	73
1888	213
1889	15
1890	299
1891	3
1892	113
1893	80
1894	287
1895	331
1896	15
1897	7
1898	359
1899	464
1900	440
1901	436
1902	267
1903	175
1904	116
1905	268
1906	452
1907	225
1908	24
1909	294
1910	419
1911	276
1912	255
1913	228
1914	352
1915	469
1916	288
1917	341
1918	460
1919	44
1920	398
1921	24
1922	334
1923	225
1924	74
1925	311
1926	465
1927	333
1928	116
1929	155
1930	179
1931	399
1932	354
1933	175
1934	174
1935	200
1936	342
1937	133
1938	35
1939	459
1940	217
1941	324
1942	288
1943	241
1944	433
1945	261
1946	105
1947	34
1948	285
1949	380
1950	190
1951	194
1952	160
1953	27
1954	403
1955	228
1956	39
1957	421
1958	35
1959	249
1960	469
1961	315
1962	266
1963	451
1964	160
1965	32
1966	299
1967	148
1968	111
1969	279
1970	16
1971	83
1972	212
1973	292
1974	178
1975	74
1976	347
1977	27
1978	161
1979	209
1980	194
1981	28
1982	206
1983	44
1984	198
1985	104
1986	458
1987	144
1988	220
1989	103
1990	431
1991	82
1992	254
1993	232
1994	86
1995	147
1996	31
1997	358
1998	278
1999	117
2000	116
2001	441
2002	80
2003	456
2004	327
2005	115
2006	361
2007	189
2008	425
2009	205
2010	373
2011	304
2012	237
2013	325
2014	469
2015	182
2016	353
2017	280
2018	268
2019	307
2020	363
2021	167
2022	229
2023	228
2024	59
2025	309
2026	282
2027	370
2028	126
2029	424
2030	58
2031	270
2032	311
2033	131
2034	29
2035	225
2036	228
2037	369
2038	278
2039	405
2040	381
2041	278
2042	261
2043	265
2044	224
2045	355
2046	67
2047	340
2048	51
2049	179
2050	28
2051	374
2052	294
2053	82
2054	54
2055	88
2056	320
2057	239
2058	342
2059	337
2060	90
2061	5
2062	169
2063	308
2064	23
2065	212
2066	128
2067	69
2068	34
2069	312
2070	353
2071	234
2072	276
2073	129
2074	215
2075	321
2076	332
2077	413
2078	94
2079	196
2080	353
2081	187
2082	378
2083	363
2084	391
2085	119
2086	381
2087	45
2088	31
2089	165
2090	213
2091	456
2092	288
2093	440
2094	28
2095	264
2096	42
2097	35
2098	369
2099	381
2100	306
2101	253
2102	96
2103	147
2104	18
2105	112
2106	223
2107	113
2108	315
2109	222
2110	166
2111	34
2112	215
2113	4
2114	153
2115	159
2116	60
2117	74
2118	233
2119	303
2120	172
2121	455
2122	347
2123	133
2124	69
2125	462
2126	461
2127	107
2128	240
2129	86
2130	312
2131	222
2132	4
2133	17
2134	123
2135	206
2136	276
2137	395
2138	59
2139	117
2140	42
2141	159
2142	248
2143	388
2144	351
2145	420
2146	117
2147	44
2148	105
2149	183
2150	408
2151	362
2152	295
2153	163
2154	133
2155	196
2156	347
2157	24
2158	222
2159	324
2160	231
2161	263
2162	32
2163	386
2164	298
2165	138
2166	135
2167	371
2168	26
2169	455
2170	241
2171	219
2172	272
2173	425
2174	53
2175	415
2176	277
2177	93
2178	268
2179	447
2180	192
2181	253
2182	254
2183	118
2184	96
2185	388
2186	89
2187	385
2188	75
2189	395
2190	76
2191	329
2192	25
2193	315
2194	351
2195	416
2196	102
2197	200
2198	413
2199	425
2200	60
2201	405
2202	308
2203	213
2204	117
2205	229
2206	25
2207	100
2208	130
2209	327
2210	269
2211	380
2212	348
2213	354
2214	147
2215	185
2216	341
2217	295
2218	81
2219	137
2220	130
2221	217
2222	133
2223	220
2224	337
2225	450
2226	179
2227	380
2228	253
2229	70
2230	75
2231	415
2232	96
2233	93
2234	8
2235	305
2236	81
2237	25
2238	451
2239	241
2240	1
2241	367
2242	70
2243	420
2244	442
2245	77
2246	156
2247	137
2248	158
2249	4
2250	276
2251	469
2252	341
2253	201
2254	43
2255	411
2256	311
2257	407
2258	297
2259	62
2260	271
2261	151
2262	214
2263	166
2264	213
2265	362
2266	26
2267	18
2268	208
2269	210
2270	21
2271	100
2272	1
2273	29
2274	181
2275	458
2276	19
2277	115
2278	96
2279	440
2280	175
2281	175
2282	159
2283	151
2284	154
2285	214
2286	24
2287	119
2288	61
2289	213
2290	375
2291	98
2292	206
2293	63
2294	72
2295	415
2296	225
2297	215
2298	153
2299	219
2300	425
2301	347
2302	147
2303	229
2304	281
2305	460
2306	31
2307	40
2308	15
2309	161
2310	266
2311	268
2312	362
2313	228
2314	356
2315	441
2316	440
2317	66
2318	466
2319	436
2320	271
2321	136
2322	16
2323	112
2324	318
2325	35
2326	428
2327	229
2328	82
2329	110
2330	223
2331	303
2332	456
2333	320
2334	82
2335	369
2336	29
2337	220
2338	363
2339	84
2340	74
2341	176
2342	277
2343	71
2344	196
2345	53
2346	62
2347	329
2348	219
2349	225
2350	165
2351	387
2352	2
2353	457
2354	453
2355	358
2356	261
2357	247
2358	353
2359	44
2360	311
2361	218
2362	251
2363	150
2364	295
2365	250
2366	336
2367	164
2368	469
2369	409
2370	425
2371	424
2372	153
2373	252
2374	229
2375	424
2376	169
2377	60
2378	58
2379	265
2380	430
2381	149
2382	294
2383	378
2384	56
2385	93
2386	229
2387	408
2388	116
2389	375
2390	278
2391	280
2392	375
2393	147
2394	438
2395	18
2396	396
2397	178
2398	374
2399	277
2400	436
2401	241
2402	352
2403	365
2404	321
2405	399
2406	219
2407	318
2408	295
2409	320
2410	414
2411	286
2412	159
2413	162
2414	28
2415	13
2416	15
2417	387
2418	88
2419	263
2420	69
2421	172
2422	268
2423	238
2424	127
2425	54
2426	309
2427	12
2428	128
2429	226
2430	220
2431	125
2432	62
2433	410
2434	222
2435	108
2436	371
2437	324
2438	261
2439	266
2440	160
2441	6
2442	178
2443	160
2444	215
2445	228
2446	371
2447	189
2448	284
2449	432
2450	67
2451	149
2452	275
2453	305
2454	304
2455	134
2456	23
2457	320
2458	106
2459	352
2460	331
2461	15
2462	253
2463	213
2464	143
2465	142
2466	440
2467	176
2468	467
2469	72
2470	96
2471	261
2472	332
2473	238
2474	263
2475	358
2476	450
2477	21
2478	73
2479	381
2480	215
2481	67
2482	9
2483	277
2484	467
2485	91
2486	296
2487	11
2488	33
2489	210
2490	212
2491	200
2492	179
2493	141
2494	372
2495	34
2496	460
2497	182
2498	363
2499	160
2500	234
2501	137
2502	189
2503	137
2504	137
2505	20
2506	283
2507	159
2508	112
2509	96
2510	65
2511	56
2512	409
2513	448
2514	400
2515	369
2516	61
2517	229
2518	162
2519	388
2520	350
2521	89
2522	335
2523	67
2524	245
2525	95
2526	466
2527	109
2528	97
2529	220
2530	155
2531	454
2532	395
2533	328
2534	189
2535	261
2536	415
2537	179
2538	209
2539	193
2540	305
2541	82
2542	442
2543	88
2544	381
2545	111
2546	379
2547	450
2548	447
2549	84
2550	105
2551	224
2552	363
2553	451
2554	20
2555	220
2556	354
2557	217
2558	406
2559	362
2560	150
2561	263
2562	70
2563	396
2564	432
2565	272
2566	62
2567	285
2568	59
2569	428
2570	55
2571	168
2572	134
2573	254
2574	213
2575	344
2576	358
2577	347
2578	414
2579	425
2580	250
2581	16
2582	96
2583	432
2584	219
2585	311
2586	302
2587	45
2588	129
2589	460
2590	307
2591	14
2592	144
2593	296
2594	323
2595	200
2596	425
2597	137
2598	341
2599	55
2600	337
2601	333
2602	398
2603	456
2604	216
2605	347
2606	193
2607	136
2608	88
2609	200
2610	108
2611	181
2612	358
2613	415
2614	223
2615	69
2616	89
2617	137
2618	316
2619	186
2620	228
2621	107
2622	311
2623	164
2624	42
2625	353
2626	202
2627	66
2628	32
2629	261
2630	108
2631	222
2632	112
2633	314
2634	266
2635	142
2636	136
2637	32
2638	358
2639	129
2640	41
2641	215
2642	337
2643	149
2644	105
2645	200
2646	460
2647	324
2648	460
2649	297
2650	178
2651	378
2652	446
2653	469
2654	23
2655	457
2656	29
2657	244
2658	4
2659	350
2660	226
2661	137
2662	432
2663	267
2664	213
2665	188
2666	190
2667	381
2668	149
2669	59
2670	201
2671	14
2672	341
2673	18
2674	456
2675	41
2676	169
2677	200
2678	18
2679	194
2680	409
2681	67
2682	254
2683	142
2684	301
2685	282
2686	344
2687	224
2688	48
2689	218
2690	245
2691	442
2692	201
2693	334
2694	81
2695	334
2696	364
2697	162
2698	14
2699	443
2700	324
2701	263
2702	166
2703	66
2704	20
2705	113
2706	354
2707	84
2708	454
2709	196
2710	244
2711	7
2712	366
2713	208
2714	21
2715	249
2716	35
2717	12
2718	234
2719	382
2720	212
2721	263
2722	125
2723	309
2724	196
2725	304
2726	454
2727	248
2728	240
2729	295
2730	347
2731	52
2732	238
2733	159
2734	64
2735	455
2736	363
2737	119
2738	44
2739	228
2740	148
2741	86
2742	398
2743	420
2744	339
2745	228
2746	278
2747	369
2748	425
2749	238
2750	251
2751	416
2752	112
2753	237
2754	127
2755	422
2756	27
2757	301
2758	120
2759	127
2760	156
2761	176
2762	228
2763	24
2764	291
2765	458
2766	341
2767	118
2768	393
2769	263
2770	252
2771	47
2772	18
2773	199
2774	381
2775	252
2776	352
2777	8
2778	326
2779	335
2780	253
2781	451
2782	228
2783	111
2784	462
2785	458
2786	458
2787	177
2788	398
2789	219
2790	321
2791	253
2792	25
2793	98
2794	289
2795	364
2796	460
2797	331
2798	148
2799	431
2800	219
2801	123
2802	176
2803	137
2804	53
2805	25
2806	103
2807	202
2808	237
2809	422
2810	468
2811	110
2812	312
2813	55
2814	127
2815	417
2816	26
2817	269
2818	363
2819	333
2820	214
2821	339
2822	188
2823	319
2824	455
2825	332
2826	4
2827	207
2828	101
2829	424
2830	344
2831	74
2832	209
2833	213
2834	33
2835	210
2836	163
2837	120
2838	244
2839	245
2840	215
2841	19
2842	401
2843	204
2844	318
2845	277
2846	331
2847	88
2848	36
2849	319
2850	9
2851	220
2852	416
2853	456
2854	324
2855	346
2856	190
2857	252
2858	113
2859	109
2860	27
2861	304
2862	425
2863	363
2864	44
2865	341
2866	208
2867	399
2868	244
2869	288
2870	44
2871	102
2872	371
2873	178
2874	229
2875	405
2876	420
2877	214
2878	283
2879	33
2880	135
2881	338
2882	45
2883	264
2884	275
2885	35
2886	440
2887	399
2888	60
2889	412
2890	220
2891	232
2892	244
2893	133
2894	146
2895	290
2896	233
2897	204
2898	137
2899	72
2900	309
2901	35
2902	33
2903	350
2904	62
2905	337
2906	31
2907	78
2908	268
2909	127
2910	330
2911	91
2912	54
2913	457
2914	93
2915	423
2916	339
2917	363
2918	272
2919	126
2920	214
2921	224
2922	355
2923	6
2924	225
2925	160
2926	229
2927	340
2928	281
2929	457
2930	306
2931	167
2932	147
2933	469
2934	187
2935	161
2936	14
2937	59
2938	105
2939	193
2940	358
2941	343
2942	381
2943	246
2944	67
2945	310
2946	140
2947	159
2948	287
2949	260
2950	235
2951	224
2952	211
2953	21
2954	331
2955	216
2956	305
2957	205
2958	137
2959	189
2960	25
2961	79
2962	110
2963	228
2964	60
2965	191
2966	319
2967	371
2968	307
2969	208
2970	462
2971	80
2972	447
2973	178
2974	221
2975	395
2976	36
2977	435
2978	29
2979	49
2980	327
2981	374
2982	76
2983	356
2984	396
2985	64
2986	434
2987	42
2988	74
2989	383
2990	214
2991	149
2992	213
2993	5
2994	289
2995	431
2996	398
2997	352
2998	60
2999	106
3000	150
3001	446
3002	118
3003	109
3004	105
3005	395
3006	365
3007	331
3008	241
3009	458
3010	391
3011	56
3012	374
3013	29
3014	328
3015	359
3016	191
3017	324
3018	388
3019	15
3020	42
3021	287
3022	110
3023	175
3024	306
3025	312
3026	155
3027	357
3028	167
3029	208
3030	458
3031	165
3032	263
3033	275
3034	35
3035	289
3036	122
3037	177
3038	288
3039	25
3040	463
3041	283
3042	295
3043	347
3044	121
3045	444
3046	281
3047	74
3048	15
3049	425
3050	35
3051	218
3052	211
3053	179
3054	69
3055	394
3056	72
3057	443
3058	330
3059	49
3060	463
3061	57
3062	425
3063	20
3064	333
3065	343
3066	26
3067	469
3068	238
3069	36
3070	284
3071	89
3072	261
3073	283
3074	211
3075	103
3076	336
3077	23
3078	182
3079	150
3080	261
3081	7
3082	240
3083	325
3084	414
3085	93
3086	152
3087	152
3088	295
3089	155
3090	27
3091	78
3092	223
3093	397
3094	69
3095	238
3096	397
3097	143
3098	176
3099	35
3100	212
3101	42
3102	53
3103	147
3104	403
3105	119
3106	235
3107	72
3108	352
3109	130
3110	339
3111	96
3112	234
3113	396
3114	26
3115	159
3116	80
3117	271
3118	111
3119	391
3120	315
3121	74
3122	144
3123	59
3124	411
3125	301
3126	295
3127	295
3128	272
3129	301
3130	164
3131	126
3132	317
3133	453
3134	323
3135	164
3136	118
3137	216
3138	371
3139	214
3140	223
3141	420
3142	89
3143	23
3144	267
3145	340
3146	342
3147	249
3148	327
3149	100
3150	73
3151	216
3152	300
3153	127
3154	221
3155	363
3156	181
3157	354
3158	372
3159	148
3160	381
3161	450
3162	121
3163	50
3164	56
3165	247
3166	294
3167	163
3168	125
3169	303
3170	418
3171	263
3172	188
3173	421
3174	389
3175	98
3176	457
3177	438
3178	193
3179	229
3180	107
3181	189
3182	189
3183	333
3184	139
3185	419
3186	93
3187	113
3188	35
3189	31
3190	248
3191	211
3192	41
3193	44
3194	303
3195	224
3196	274
3197	156
3198	375
3199	211
3200	363
3201	281
3202	119
3203	393
3204	339
3205	42
3206	322
3207	215
3208	88
3209	261
3210	37
3211	65
3212	147
3213	68
3214	358
3215	211
3216	388
3217	35
3218	131
3219	82
3220	101
3221	167
3222	410
3223	147
3224	410
3225	58
3226	144
3227	264
3228	66
3229	205
3230	452
3231	177
3232	454
3233	213
3234	190
3235	98
3236	219
3237	467
3238	204
3239	334
3240	41
3241	35
3242	346
3243	29
3244	432
3245	421
3246	18
3247	300
3248	454
3249	189
3250	216
3251	98
3252	222
3253	65
3254	230
3255	369
3256	152
3257	341
3258	55
3259	457
3260	419
3261	378
3262	302
3263	76
3264	365
3265	363
3266	35
3267	447
3268	396
3269	168
3270	86
3271	126
3272	90
3273	424
3274	98
3275	304
3276	263
3277	341
3278	341
3279	34
3280	363
3281	381
3282	330
3283	400
3284	244
3285	44
3286	117
3287	132
3288	84
3289	401
3290	459
3291	349
3292	281
3293	257
3294	382
3295	147
3296	200
3297	407
3298	78
3299	455
3300	59
3301	271
3302	379
3303	405
3304	62
3305	137
3306	80
3307	225
3308	272
3309	4
3310	388
3311	389
3312	363
3313	189
3314	60
3315	298
3316	274
3317	424
3318	450
3319	440
3320	329
3321	96
3322	413
3323	469
3324	45
3325	70
3326	360
3327	167
3328	454
3329	268
3330	213
3331	59
3332	149
3333	252
3334	190
3335	92
3336	199
3337	398
3338	247
3339	457
3340	40
3341	31
3342	360
3343	433
3344	277
3345	3
3346	362
3347	247
3348	346
3349	44
3350	409
3351	325
3352	4
3353	60
3354	220
3355	84
3356	63
3357	351
3358	178
3359	280
3360	155
3361	226
3362	313
3363	2
3364	80
3365	384
3366	441
3367	269
3368	218
3369	378
3370	469
3371	458
3372	153
3373	229
3374	137
3375	352
3376	33
3377	292
3378	174
3379	359
3380	142
3381	74
3382	372
3383	126
3384	24
3385	211
3386	314
3387	173
3388	418
3389	178
3390	260
3391	35
3392	334
3393	288
3394	261
3395	414
3396	398
3397	3
3398	365
3399	224
3400	130
3401	151
3402	23
3403	74
3404	271
3405	119
3406	228
3407	424
3408	7
3409	266
3410	450
3411	263
3412	83
3413	42
3414	50
3415	398
3416	207
3417	165
3418	286
3419	61
3420	348
3421	136
3422	61
3423	407
3424	86
3425	367
3426	4
3427	333
3428	65
3429	421
3430	149
3431	460
3432	452
3433	379
3434	309
3435	432
3436	301
3437	396
3438	14
3439	268
3440	235
3441	243
3442	421
3443	398
3444	105
3445	215
3446	333
3447	468
3448	309
3449	387
3450	367
3451	160
3452	153
3453	210
3454	339
3455	69
3456	133
3457	72
3458	65
3459	415
3460	253
3461	73
3462	400
3463	282
3464	215
3465	430
3466	73
3467	316
3468	239
3469	442
3470	243
3471	388
3472	278
3473	281
3474	175
3475	93
3476	374
3477	407
3478	96
3479	420
3480	211
3481	249
3482	153
3483	267
3484	388
3485	430
3486	313
3487	4
3488	87
3489	110
3490	59
3491	282
3492	202
3493	219
3494	164
3495	363
3496	464
3497	23
3498	60
3499	86
3500	12
3501	219
3502	187
3503	306
3504	34
3505	213
3506	80
3507	160
3508	282
3509	106
3510	318
3511	15
3512	101
3513	253
3514	32
3515	294
3516	89
3517	344
3518	423
3519	261
3520	36
3521	309
3522	194
3523	294
3524	107
3525	187
3526	272
3527	426
3528	342
3529	18
3530	205
3531	47
3532	71
3533	59
3534	436
3535	406
3536	333
3537	175
3538	412
3539	261
3540	395
3541	202
3542	463
3543	189
3544	253
3545	114
3546	441
3547	144
3548	266
3549	219
3550	450
3551	362
3552	210
3553	424
3554	447
3555	42
3556	146
3557	120
3558	121
3559	388
3560	161
3561	295
3562	425
3563	41
3564	224
3565	31
3566	23
3567	127
3568	355
3569	261
3570	31
3571	401
3572	159
3573	374
3574	250
3575	313
3576	165
3577	90
3578	455
3579	178
3580	136
3581	371
3582	178
3583	149
3584	369
3585	34
3586	127
3587	375
3588	96
3589	31
3590	455
3591	402
3592	353
3593	207
3594	363
3595	253
3596	34
3597	3
3598	113
3599	303
3600	3
3601	417
3602	314
3603	178
3604	315
3605	177
3606	315
3607	438
3608	295
3609	161
3610	457
3611	303
3612	386
3613	148
3614	185
3615	82
3616	148
3617	304
3618	244
3619	451
3620	440
3621	257
3622	208
3623	229
3624	440
3625	151
3626	31
3627	261
3628	206
3629	241
3630	210
3631	77
3632	42
3633	188
3634	29
3635	314
3636	75
3637	268
3638	407
3639	383
3640	462
3641	233
3642	117
3643	111
3644	117
3645	65
3646	264
3647	464
3648	315
3649	18
3650	323
3651	44
3652	188
3653	100
3654	126
3655	181
3656	266
3657	175
3658	42
3659	238
3660	358
3661	176
3662	288
3663	401
3664	79
3665	106
3666	334
3667	381
3668	16
3669	199
3670	137
3671	258
3672	4
3673	269
3674	29
3675	1
3676	339
3677	452
3678	388
3679	400
3680	313
3681	324
3682	200
3683	127
3684	86
3685	457
3686	50
3687	207
3688	7
3689	90
3690	428
3691	324
3692	141
3693	288
3694	175
3695	305
3696	457
3697	432
3698	401
3699	220
3700	368
3701	244
3702	265
3703	268
3704	347
3705	462
3706	314
3707	447
3708	60
3709	271
3710	217
3711	105
3712	134
3713	176
3714	411
3715	262
3716	214
3717	321
3718	462
3719	41
3720	45
3721	76
3722	237
3723	379
3724	2
3725	311
3726	82
3727	467
3728	253
3729	372
3730	150
3731	319
3732	379
3733	199
3734	130
3735	143
3736	211
3737	361
3738	362
3739	415
3740	169
3741	424
3742	20
3743	395
3744	404
3745	277
3746	244
3747	176
3748	73
3749	432
3750	388
3751	282
3752	44
3753	424
3754	352
3755	451
3756	28
3757	412
3758	216
3759	230
3760	201
3761	88
3762	266
3763	463
3764	294
3765	66
3766	447
3767	141
3768	130
3769	241
3770	217
3771	22
3772	318
3773	288
3774	311
3775	126
3776	310
3777	247
3778	409
3779	108
3780	212
3781	63
3782	248
3783	277
3784	238
3785	197
3786	158
3787	362
3788	72
3789	294
3790	42
3791	71
3792	240
3793	87
3794	94
3795	388
3796	95
3797	426
3798	341
3799	341
3800	353
3801	210
3802	34
3803	460
3804	13
3805	81
3806	150
3807	381
3808	198
3809	212
3810	288
3811	355
3812	268
3813	433
3814	194
3815	161
3816	99
3817	225
3818	389
3819	34
3820	261
3821	238
3822	165
3823	402
3824	210
3825	11
3826	120
3827	165
3828	447
3829	412
3830	336
3831	469
3832	446
3833	110
3834	463
3835	447
3836	222
3837	335
3838	259
3839	347
3840	458
3841	343
3842	25
3843	395
3844	17
3845	352
3846	341
3847	347
3848	337
3849	1
3850	320
3851	409
3852	105
3853	460
3854	162
3855	400
3856	424
3857	23
3858	456
3859	79
3860	60
3861	164
3862	29
3863	432
3864	180
3865	199
3866	291
3867	161
3868	69
3869	205
3870	280
3871	217
3872	394
3873	149
3874	198
3875	440
3876	4
3877	211
3878	97
3879	458
3880	127
3881	190
3882	318
3883	128
3884	73
3885	399
3886	414
3887	376
3888	163
3889	311
3890	77
3891	18
3892	86
3893	344
3894	176
3895	64
3896	265
3897	7
3898	389
3899	17
3900	23
3901	139
3902	281
3903	455
3904	467
3905	332
3906	396
3907	13
3908	292
3909	172
3910	210
3911	265
3912	153
3913	179
3914	416
3915	461
3916	320
3917	415
3918	396
3919	447
3920	33
3921	302
3922	206
3923	214
3924	378
3925	424
3926	54
3927	154
3928	304
3929	360
3930	56
3931	217
3932	414
3933	80
3934	261
3935	397
3936	16
3937	416
3938	105
3939	389
3940	112
3941	349
3942	301
3943	84
3944	440
3945	425
3946	220
3947	59
3948	301
3949	4
3950	304
3951	94
3952	135
3953	457
3954	392
3955	181
3956	15
3957	210
3958	186
3959	139
3960	210
3961	28
3962	60
3963	272
3964	442
3965	313
3966	287
3967	81
3968	411
3969	142
3970	360
3971	272
3972	96
3973	196
3974	390
3975	374
3976	243
3977	228
3978	396
3979	415
3980	42
3981	14
3982	188
3983	119
3984	282
3985	207
3986	220
3987	301
3988	12
3989	348
3990	247
3991	36
3992	62
3993	373
3994	14
3995	290
3996	164
3997	36
3998	72
3999	455
4000	397
4001	372
4002	410
4003	29
4004	340
4005	4
4006	365
4007	427
4008	262
4009	61
4010	133
4011	432
4012	416
4013	387
4014	213
4015	149
4016	248
4017	295
4018	117
4019	126
4020	211
4021	160
4022	162
4023	167
4024	399
4025	244
4026	85
4027	288
4028	238
4029	177
4030	469
4031	469
4032	333
4033	127
4034	74
4035	30
4036	229
4037	6
4038	428
4039	335
4040	26
4041	341
4042	211
4043	301
4044	213
4045	65
4046	73
4047	212
4048	468
4049	457
4050	424
4051	16
4052	163
4053	440
4054	73
4055	324
4056	264
4057	335
4058	179
4059	395
4060	432
4061	377
4062	128
4063	349
4064	204
4065	317
4066	278
4067	421
4068	249
4069	126
4070	386
4071	160
4072	282
4073	309
4074	164
4075	391
4076	2
4077	192
4078	42
4079	464
4080	442
4081	35
4082	290
4083	320
4084	74
4085	59
4086	257
4087	132
4088	440
4089	48
4090	2
4091	456
4092	253
4093	39
4094	389
4095	155
4096	469
4097	257
4098	448
4099	351
4100	60
4101	52
4102	389
4103	241
4104	87
4105	15
4106	4
4107	72
4108	244
4109	220
4110	410
4111	215
4112	49
4113	230
4114	455
4115	333
4116	378
4117	425
4118	213
4119	5
4120	260
4121	307
4122	243
4123	29
4124	372
4125	327
4126	458
4127	263
4128	142
4129	186
4130	264
4131	197
4132	110
4133	396
4134	60
4135	337
4136	442
4137	40
4138	411
4139	165
4140	454
4141	210
4142	194
4143	14
4144	3
4145	363
4146	266
4147	307
4148	88
4149	329
4150	414
4151	304
4152	20
4153	337
4154	86
4155	445
4156	363
4157	147
4158	414
4159	294
4160	185
4161	210
4162	337
4163	198
4164	322
4165	238
4166	208
4167	117
4168	310
4169	314
4170	191
4171	10
4172	185
4173	460
4174	311
4175	198
4176	315
4177	142
4178	455
4179	457
4180	362
4181	87
4182	150
4183	468
4184	220
4185	231
4186	442
4187	360
4188	48
4189	54
4190	119
4191	410
4192	383
4193	117
4194	275
4195	149
4196	59
4197	415
4198	17
4199	314
4200	162
4201	246
4202	245
4203	338
4204	165
4205	213
4206	370
4207	179
4208	257
4209	233
4210	460
4211	295
4212	357
4213	298
4214	160
4215	375
4216	3
4217	381
4218	371
4219	110
4220	228
4221	400
4222	200
4223	425
4224	198
4225	337
4226	58
4227	421
4228	354
4229	130
4230	227
4231	374
4232	455
4233	164
4234	288
4235	393
4236	310
4237	389
4238	29
4239	79
4240	222
4241	430
4242	34
4243	127
4244	321
4245	127
4246	111
4247	80
4248	282
4249	2
4250	252
4251	12
4252	364
4253	105
4254	49
4255	274
4256	420
4257	245
4258	459
4259	361
4260	96
4261	306
4262	229
4263	401
4264	407
4265	413
4266	31
4267	183
4268	292
4269	371
4270	424
4271	381
4272	238
4273	18
4274	274
4275	160
4276	178
4277	424
4278	176
4279	110
4280	316
4281	409
4282	74
4283	391
4284	307
4285	106
4286	203
4287	386
4288	1
4289	119
4290	298
4291	251
4292	292
4293	457
4294	274
4295	128
4296	150
4297	86
4298	261
4299	447
4300	165
4301	418
4302	24
4303	185
4304	185
4305	160
4306	431
4307	73
4308	65
4309	65
4310	18
4311	176
4312	212
4313	158
4314	412
4315	257
4316	314
4317	101
4318	298
4319	193
4320	150
4321	360
4322	56
4323	241
4324	164
4325	311
4326	98
4327	97
4328	353
4329	321
4330	282
4331	304
4332	176
4333	420
4334	60
4335	178
4336	466
4337	383
4338	303
4339	187
4340	59
4341	212
4342	59
4343	425
4344	223
4345	93
4346	213
4347	275
4348	214
4349	110
4350	271
4351	336
4352	99
4353	108
4354	32
4355	62
4356	246
4357	410
4358	110
4359	243
4360	295
4361	389
4362	292
4363	450
4364	32
4365	279
4366	150
4367	42
4368	177
4369	376
4370	324
4371	395
4372	3
4373	229
4374	208
4375	341
4376	144
4377	321
4378	225
4379	136
4380	454
4381	267
4382	37
4383	215
4384	150
4385	147
4386	272
4387	26
4388	159
4389	61
4390	214
4391	456
4392	429
4393	219
4394	331
4395	109
4396	130
4397	389
4398	277
4399	337
4400	269
4401	249
4402	304
4403	72
4404	56
4405	127
4406	109
4407	228
4408	358
4409	268
4410	81
4411	227
4412	304
4413	317
4414	151
4415	257
4416	213
4417	189
4418	14
4419	442
4420	219
4421	281
4422	415
4423	132
4424	93
4425	369
4426	91
4427	432
4428	224
4429	164
4430	182
4431	212
4432	4
4433	50
4434	352
4435	277
4436	147
4437	230
4438	43
4439	163
4440	336
4441	189
4442	406
4443	60
4444	457
4445	396
4446	344
4447	450
4448	201
4449	388
4450	381
4451	266
4452	395
4453	455
4454	287
4455	399
4456	181
4457	1
4458	429
4459	125
4460	60
4461	319
4462	387
4463	212
4464	363
4465	3
4466	56
4467	213
4468	414
4469	347
4470	44
4471	58
4472	163
4473	189
4474	82
4475	57
4476	389
4477	442
4478	55
4479	244
4480	44
4481	273
4482	423
4483	92
4484	103
4485	385
4486	174
4487	362
4488	314
4489	324
4490	28
4491	213
4492	136
4493	428
4494	224
4495	274
4496	211
4497	100
4498	152
4499	264
4500	18
4501	450
4502	276
4503	201
4504	266
4505	369
4506	150
4507	200
4508	174
4509	276
4510	88
4511	4
4512	9
4513	339
4514	281
4515	222
4516	455
4517	469
4518	274
4519	6
4520	457
4521	425
4522	160
4523	14
4524	255
4525	347
4526	197
4527	59
4528	237
4529	372
4530	396
4531	447
4532	14
4533	113
4534	237
4535	301
4536	127
4537	365
4538	390
4539	47
4540	164
4541	40
4542	188
4543	111
4544	229
4545	198
4546	307
4547	229
4548	312
4549	85
4550	462
4551	296
4552	159
4553	204
4554	291
4555	354
4556	318
4557	43
4558	176
4559	389
4560	200
4561	178
4562	247
4563	171
4564	383
4565	4
4566	440
4567	210
4568	55
4569	303
4570	355
4571	315
4572	284
4573	4
4574	434
4575	185
4576	261
4577	411
4578	163
4579	237
4580	375
4581	282
4582	100
4583	1
4584	189
4585	320
4586	298
4587	214
4588	79
4589	462
4590	141
4591	74
4592	319
4593	452
4594	214
4595	354
4596	363
4597	374
4598	156
4599	321
4600	427
4601	212
4602	372
4603	72
4604	159
4605	175
4606	109
4607	395
4608	326
4609	439
4610	413
4611	186
4612	44
4613	181
4614	388
4615	284
4616	344
4617	111
4618	305
4619	178
4620	233
4621	375
4622	98
4623	82
4624	381
4625	406
4626	161
4627	33
4628	420
4629	149
4630	84
4631	326
4632	112
4633	455
4634	60
4635	178
4636	275
4637	290
4638	294
4639	3
4640	297
4641	443
4642	426
4643	229
4644	149
4645	287
4646	311
4647	215
4648	340
4649	67
4650	396
4651	469
4652	399
4653	96
4654	269
4655	52
4656	314
4657	178
4658	86
4659	1
4660	15
4661	321
4662	204
4663	153
4664	199
4665	304
4666	41
4667	261
4668	88
4669	303
4670	208
4671	74
4672	278
4673	389
4674	226
4675	65
4676	461
4677	279
4678	242
4679	71
4680	271
4681	442
4682	424
4683	404
4684	411
4685	305
4686	174
4687	257
4688	175
4689	383
4690	135
4691	243
4692	144
4693	29
4694	44
4695	76
4696	306
4697	170
4698	356
4699	127
4700	167
4701	101
4702	94
4703	450
4704	219
4705	430
4706	460
4707	370
4708	32
4709	244
4710	219
4711	379
4712	345
4713	447
4714	226
4715	301
4716	34
4717	307
4718	106
4719	284
4720	69
4721	389
4722	201
4723	111
4724	412
4725	242
4726	226
4727	273
4728	35
4729	469
4730	452
4731	55
4732	213
4733	229
4734	365
4735	440
4736	111
4737	257
4738	105
4739	384
4740	4
4741	198
4742	175
4743	450
4744	79
4745	326
4746	150
4747	387
4748	150
4749	322
4750	315
4751	369
4752	93
4753	165
4754	421
4755	130
4756	144
4757	186
4758	58
4759	353
4760	375
4761	379
4762	50
4763	431
4764	69
4765	147
4766	138
4767	21
4768	199
4769	42
4770	269
4771	360
4772	98
4773	54
4774	219
4775	265
4776	186
4777	61
4778	374
4779	456
4780	344
4781	95
4782	151
4783	220
4784	134
4785	127
4786	425
4787	6
4788	105
4789	209
4790	339
4791	84
4792	275
4793	211
4794	176
4795	288
4796	408
4797	84
4798	375
4799	97
4800	243
4801	383
4802	381
4803	432
4804	334
4805	62
4806	293
4807	171
4808	324
4809	14
4810	165
4811	200
4812	208
4813	15
4814	207
4815	365
4816	106
4817	398
4818	68
4819	93
4820	330
4821	79
4822	395
4823	358
4824	272
4825	395
4826	251
4827	319
4828	342
4829	228
4830	237
4831	384
4832	314
4833	344
4834	109
4835	81
4836	171
4837	149
4838	185
4839	205
4840	389
4841	18
4842	355
4843	168
4844	375
4845	165
4846	84
4847	204
4848	381
4849	43
4850	190
4851	389
4852	334
4853	365
4854	15
4855	42
4856	420
4857	253
4858	255
4859	163
4860	395
4861	369
4862	150
4863	14
4864	99
4865	90
4866	163
4867	76
4868	57
4869	288
4870	137
4871	72
4872	445
4873	58
4874	321
4875	117
4876	23
4877	228
4878	56
4879	137
4880	77
4881	330
4882	450
4883	109
4884	331
4885	111
4886	131
4887	147
4888	275
4889	363
4890	291
4891	302
4892	397
4893	415
4894	284
4895	55
4896	258
4897	122
4898	60
4899	248
4900	332
4901	226
4902	277
4903	384
4904	372
4905	404
4906	390
4907	415
4908	176
4909	161
4910	421
4911	62
4912	248
4913	154
4914	347
4915	104
4916	228
4917	35
4918	316
4919	194
4920	304
4921	307
4922	252
4923	293
4924	467
4925	49
4926	278
4927	297
4928	91
4929	61
4930	232
4931	372
4932	246
4933	84
4934	35
4935	320
4936	331
4937	27
4938	8
4939	421
4940	288
4941	208
4942	233
4943	265
4944	415
4945	4
4946	57
4947	225
4948	405
4949	213
4950	73
4951	174
4952	278
4953	371
4954	90
4955	147
4956	153
4957	279
4958	61
4959	274
4960	133
4961	364
4962	15
4963	79
4964	54
4965	233
4966	422
4967	321
4968	321
4969	291
4970	460
4971	19
4972	244
4973	247
4974	384
4975	424
4976	381
4977	282
4978	354
4979	111
4980	439
4981	347
4982	331
4983	454
4984	116
4985	422
4986	257
4987	318
4988	450
4989	89
4990	373
4991	44
4992	147
4993	462
4994	42
4995	294
4996	310
4997	147
4998	437
4999	417
5000	380
5001	352
5002	309
5003	215
5004	408
5005	161
5006	15
5007	306
5008	454
5009	90
5010	339
5011	105
5012	72
5013	180
5014	463
5015	3
5016	354
5017	138
5018	252
5019	58
5020	176
5021	209
5022	315
5023	162
5024	162
5025	438
5026	73
5027	16
5028	291
5029	74
5030	134
5031	17
5032	126
5033	165
5034	110
5035	377
5036	69
5037	204
5038	197
5039	156
5040	100
5041	133
5042	100
5043	332
5044	238
5045	337
5046	404
5047	293
5048	54
5049	277
5050	381
5051	380
5052	466
5053	60
5054	55
5055	341
5056	308
5057	110
5058	59
5059	424
5060	4
5061	152
5062	191
5063	365
5064	167
5065	263
5066	318
5067	195
5068	267
5069	64
5070	4
5071	396
5072	157
5073	90
5074	375
5075	73
5076	217
5077	248
5078	270
5079	156
5080	199
5081	106
5082	127
5083	447
5084	442
5085	176
5086	464
5087	61
5088	73
5089	144
5090	320
5091	271
5092	66
5093	450
5094	95
5095	247
5096	415
5097	446
5098	270
5099	93
5100	182
5101	134
5102	287
5103	280
5104	247
5105	410
5106	267
5107	220
5108	32
5109	158
5110	46
5111	403
5112	261
5113	327
5114	74
5115	42
5116	308
5117	456
5118	433
5119	23
5120	143
5121	96
5122	142
5123	395
5124	225
5125	86
5126	71
5127	204
5128	44
5129	334
5130	381
5131	413
5132	249
5133	212
5134	51
5135	112
5136	55
5137	89
5138	381
5139	33
5140	243
5141	127
5142	158
5143	32
5144	4
5145	371
5146	118
5147	85
5148	268
5149	193
5150	94
5151	339
5152	10
5153	149
5154	156
5155	27
5156	174
5157	364
5158	371
5159	113
5160	12
5161	423
5162	208
5163	244
5164	350
5165	106
5166	105
5167	33
5168	210
5169	460
5170	395
5171	96
5172	321
5173	425
5174	457
5175	398
5176	281
5177	240
5178	306
5179	452
5180	30
5181	108
5182	250
5183	91
5184	303
5185	391
5186	74
5187	131
5188	130
5189	194
5190	215
5191	324
5192	133
5193	333
5194	413
5195	458
5196	338
5197	362
5198	459
5199	280
5200	203
5201	295
5202	127
5203	161
5204	460
5205	179
5206	318
5207	126
5208	365
5209	192
5210	383
5211	458
5212	178
5213	42
5214	440
5215	101
5216	295
5217	283
5218	461
5219	96
5220	44
5221	184
5222	179
5223	166
5224	282
5225	244
5226	248
5227	457
5228	90
5229	137
5230	446
5231	456
5232	241
5233	171
5234	35
5235	406
5236	225
5237	369
5238	187
5239	364
5240	9
5241	137
5242	266
5243	313
5244	59
5245	253
5246	298
5247	77
5248	35
5249	230
5250	396
5251	230
5252	120
5253	110
5254	35
5255	65
5256	442
5257	84
5258	356
5259	398
5260	106
5261	61
5262	455
5263	76
5264	378
5265	60
5266	259
5267	342
5268	95
5269	229
5270	41
5271	79
5272	144
5273	162
5274	421
5275	177
5276	269
5277	266
5278	275
5279	29
5280	220
5281	331
5282	57
5283	441
5284	29
5285	61
5286	194
5287	298
5288	298
5289	410
5290	339
5291	434
5292	315
5293	241
5294	263
5295	449
5296	60
5297	177
5298	317
5299	200
5300	441
5301	150
5302	391
5303	129
5304	178
5305	268
5306	374
5307	104
5308	14
5309	97
5310	56
5311	11
5312	84
5313	133
5314	74
5315	48
5316	48
5317	204
5318	93
5319	367
5320	424
5321	156
5322	307
5323	119
5324	9
5325	127
5326	80
5327	231
5328	119
5329	174
5330	62
5331	136
5332	137
5333	319
5334	369
5335	432
5336	354
5337	4
5338	199
5339	383
5340	68
5341	15
5342	114
5343	168
5344	281
5345	204
5346	352
5347	181
5348	29
5349	357
5350	252
5351	179
5352	374
5353	296
5354	158
5355	200
5356	201
5357	201
5358	315
5359	358
5360	153
5361	389
5362	421
5363	189
5364	468
5365	363
5366	378
5367	430
5368	80
5369	56
5370	350
5371	83
5372	240
5373	32
5374	287
5375	90
5376	216
5377	72
5378	164
5379	278
5380	209
5381	265
5382	42
5383	221
5384	222
5385	462
5386	37
5387	219
5388	401
5389	379
5390	167
5391	455
5392	298
5393	275
5394	44
5395	458
5396	347
5397	29
5398	29
5399	96
5400	65
5401	1
5402	355
5403	150
5404	275
5405	186
5406	217
5407	447
5408	68
5409	220
5410	347
5411	62
5412	263
5413	265
5414	449
5415	144
5416	253
5417	216
5418	111
5419	219
5420	421
5421	455
5422	371
5423	19
5424	109
5425	111
5426	195
5427	103
5428	56
5429	361
5430	362
5431	100
5432	315
5433	75
5434	233
5435	120
5436	114
5437	179
5438	110
5439	318
5440	113
5441	298
5442	18
5443	179
5444	130
5445	442
5446	307
5447	73
5448	248
5449	97
5450	155
5451	262
5452	190
5453	360
5454	228
5455	117
5456	275
5457	312
5458	325
5459	263
5460	87
5461	354
5462	469
5463	275
5464	162
5465	1
5466	395
5467	74
5468	133
5469	266
5470	438
5471	298
5472	363
5473	294
5474	212
5475	458
5476	355
5477	393
5478	159
5479	381
5480	80
5481	88
5482	410
5483	51
5484	100
5485	416
5486	247
5487	179
5488	294
5489	69
5490	387
5491	336
5492	260
5493	10
5494	373
5495	24
5496	14
5497	282
5498	304
5499	215
5500	31
5501	229
5502	62
5503	241
5504	347
5505	3
5506	193
5507	84
5508	329
5509	245
5510	4
5511	25
5512	209
5513	258
5514	442
5515	312
5516	84
5517	221
5518	263
5519	274
5520	18
5521	6
5522	97
5523	440
5524	136
5525	19
5526	156
5527	164
5528	79
5529	387
5530	275
5531	1
5532	217
5533	25
5534	93
5535	147
5536	193
5537	60
5538	291
5539	455
5540	213
5541	113
5542	243
5543	353
5544	298
5545	358
5546	421
5547	147
5548	375
5549	391
5550	227
5551	291
5552	318
5553	10
5554	244
5555	469
5556	363
5557	428
5558	369
5559	174
5560	295
5561	88
5562	68
5563	345
5564	288
5565	15
5566	49
5567	435
5568	28
5569	321
5570	301
5571	147
5572	276
5573	277
5574	176
5575	335
5576	397
5577	288
5578	153
5579	339
5580	331
5581	76
5582	18
5583	298
5584	176
5585	397
5586	462
5587	67
5588	240
5589	304
5590	460
5591	228
5592	330
5593	225
5594	43
5595	69
5596	18
5597	197
5598	208
5599	215
5600	171
5601	127
5602	180
5603	137
5604	258
5605	223
5606	405
5607	276
5608	394
5609	255
5610	220
5611	275
5612	172
5613	414
5614	23
5615	308
5616	361
5617	160
5618	347
5619	253
5620	135
5621	29
5622	4
5623	15
5624	120
5625	110
5626	92
5627	469
5628	190
5629	163
5630	462
5631	126
5632	147
5633	1
5634	22
5635	34
5636	296
5637	74
5638	409
5639	294
5640	419
5641	368
5642	62
5643	247
5644	421
5645	220
5646	58
5647	82
5648	212
5649	433
5650	398
5651	314
5652	358
5653	45
5654	378
5655	324
5656	211
5657	287
5658	3
5659	34
5660	425
5661	56
5662	65
5663	147
5664	65
5665	74
5666	89
5667	8
5668	165
5669	200
5670	432
5671	445
5672	208
5673	288
5674	31
5675	44
5676	277
5677	446
5678	127
5679	258
5680	420
5681	189
5682	215
5683	186
5684	41
5685	143
5686	40
5687	373
5688	356
5689	74
5690	150
5691	73
5692	308
5693	187
5694	17
5695	7
5696	36
5697	55
5698	380
5699	106
5700	344
5701	232
5702	128
5703	243
5704	22
5705	2
5706	193
5707	347
5708	165
5709	252
5710	436
5711	107
5712	354
5713	106
5714	258
5715	72
5716	354
5717	25
5718	445
5719	84
5720	311
5721	176
5722	150
5723	379
5724	363
5725	201
5726	228
5727	252
5728	98
5729	455
5730	233
5731	132
5732	268
5733	163
5734	390
5735	179
5736	456
5737	126
5738	355
5739	57
5740	407
5741	263
5742	399
5743	45
5744	206
5745	413
5746	323
5747	360
5748	229
5749	61
5750	404
5751	290
5752	458
5753	50
5754	29
5755	144
5756	408
5757	340
5758	438
5759	216
5760	409
5761	105
5762	172
5763	127
5764	261
5765	370
5766	275
5767	399
5768	272
5769	244
5770	466
5771	72
5772	96
5773	69
5774	216
5775	456
5776	54
5777	295
5778	65
5779	11
5780	294
5781	211
5782	169
5783	363
5784	263
5785	164
5786	388
5787	410
5788	296
5789	459
5790	42
5791	165
5792	160
5793	179
5794	7
5795	160
5796	457
5797	25
5798	81
5799	198
5800	73
5801	1
5802	415
5803	378
5804	224
5805	244
5806	250
5807	459
5808	358
5809	161
5810	144
5811	360
5812	460
5813	82
5814	401
5815	346
5816	431
5817	137
5818	135
5819	101
5820	141
5821	23
5822	379
5823	213
5824	169
5825	105
5826	3
5827	304
5828	436
5829	344
5830	65
5831	323
5832	89
5833	300
5834	206
5835	82
5836	165
5837	132
5838	219
5839	431
5840	402
5841	179
5842	210
5843	266
5844	89
5845	241
5846	1
5847	282
5848	136
5849	314
5850	55
5851	45
5852	139
5853	189
5854	329
5855	23
5856	455
5857	59
5858	384
5859	82
5860	238
5861	11
5862	224
5863	347
5864	462
5865	177
5866	162
5867	36
5868	48
5869	154
5870	14
5871	240
5872	355
5873	388
5874	193
5875	266
5876	333
5877	266
5878	275
5879	41
5880	455
5881	58
5882	149
5883	319
5884	229
5885	90
5886	269
5887	398
5888	352
5889	137
5890	388
5891	365
5892	436
5893	16
5894	416
5895	5
5896	212
5897	23
5898	395
5899	286
5900	47
5901	169
5902	456
5903	110
5904	337
5905	334
5906	13
5907	457
5908	204
5909	114
5910	105
5911	469
5912	288
5913	455
5914	15
5915	189
5916	378
5917	215
5918	199
5919	148
5920	420
5921	35
5922	186
5923	78
5924	240
5925	15
5926	210
5927	228
5928	332
5929	378
5930	282
5931	396
5932	447
5933	409
5934	119
5935	62
5936	264
5937	181
5938	1
5939	215
5940	189
5941	192
5942	467
5943	168
5944	179
5945	111
5946	380
5947	398
5948	216
5949	249
5950	291
5951	452
5952	313
5953	288
5954	369
5955	79
5956	239
5957	3
5958	80
5959	381
5960	300
5961	142
5962	163
5963	188
5964	374
5965	316
5966	265
5967	150
5968	371
5969	208
5970	326
5971	119
5972	127
5973	269
5974	388
5975	96
5976	335
5977	1
5978	215
5979	31
5980	159
5981	272
5982	272
5983	204
5984	273
5985	216
5986	277
5987	35
5988	365
5989	16
5990	364
5991	344
5992	386
5993	394
5994	106
5995	138
5996	8
5997	440
5998	315
5999	389
6000	182
6001	164
6002	352
6003	60
6004	128
6005	458
6006	213
6007	303
6008	431
6009	22
6010	137
6011	17
6012	63
6013	455
6014	371
6015	456
6016	96
6017	440
6018	394
6019	272
6020	264
6021	150
6022	291
6023	132
6024	337
6025	304
6026	240
6027	79
6028	381
6029	59
6030	369
6031	455
6032	326
6033	343
6034	196
6035	296
6036	217
6037	176
6038	228
6039	402
6040	123
6041	290
6042	3
6043	130
6044	275
6045	101
6046	42
6047	458
6048	268
6049	15
6050	458
6051	130
6052	26
6053	169
6054	296
6055	22
6056	267
6057	28
6058	88
6059	390
6060	463
6061	58
6062	445
6063	29
6064	115
6065	435
6066	90
6067	436
6068	205
6069	420
6070	101
6071	58
6072	292
6073	419
6074	276
6075	45
6076	101
6077	395
6078	447
6079	105
6080	83
6081	404
6082	318
6083	425
6084	301
6085	339
6086	220
6087	181
6088	207
6089	210
6090	278
6091	396
6092	32
6093	360
6094	282
6095	116
6096	161
6097	451
6098	194
6099	75
6100	388
6101	245
6102	119
6103	147
6104	157
6105	314
6106	374
6107	401
6108	149
6109	313
6110	35
6111	186
6112	299
6113	295
6114	373
6115	415
6116	291
6117	321
6118	298
6119	369
6120	204
6121	233
6122	456
6123	228
6124	279
6125	34
6126	295
6127	274
6128	354
6129	22
6130	375
6131	153
6132	268
6133	253
6134	126
6135	391
6136	360
6137	224
6138	352
6139	315
6140	305
6141	426
6142	324
6143	432
6144	225
6145	296
6146	211
6147	182
6148	42
6149	360
6150	468
6151	35
6152	76
6153	435
6154	234
6155	326
6156	369
6157	356
6158	424
6159	62
6160	79
6161	395
6162	295
6163	313
6164	149
6165	163
6166	4
6167	360
6168	357
6169	424
6170	155
6171	266
6172	440
6173	396
6174	433
6175	59
6176	209
6177	405
6178	214
6179	220
6180	438
6181	142
6182	298
6183	350
6184	376
6185	432
6186	168
6187	467
6188	37
6189	15
6190	240
6191	378
6192	440
6193	155
6194	29
6195	372
6196	424
6197	60
6198	44
6199	314
6200	101
6201	468
6202	105
6203	460
6204	233
6205	420
6206	469
6207	135
6208	96
6209	77
6210	160
6211	57
6212	160
6213	25
6214	447
6215	469
6216	345
6217	41
6218	215
6219	8
6220	152
6221	111
6222	341
6223	388
6224	431
6225	347
6226	46
6227	211
6228	387
6229	410
6230	57
6231	459
6232	153
6233	295
6234	93
6235	311
6236	216
6237	139
6238	219
6239	337
6240	233
6241	396
6242	285
6243	85
6244	6
6245	290
6246	353
6247	377
6248	42
6249	408
6250	378
6251	350
6252	440
6253	234
6254	320
6255	72
6256	200
6257	255
6258	176
6259	328
6260	131
6261	349
6262	371
6263	85
6264	197
6265	208
6266	381
6267	170
6268	58
6269	93
6270	370
6271	299
6272	194
6273	25
6274	1
6275	266
6276	65
6277	96
6278	380
6279	326
6280	89
6281	295
6282	214
6283	331
6284	42
6285	31
6286	25
6287	144
6288	58
6289	190
6290	236
6291	324
6292	205
6293	89
6294	429
6295	276
6296	319
6297	253
6298	457
6299	154
6300	380
6301	14
6302	73
6303	57
6304	271
6305	398
6306	237
6307	97
6308	375
6309	183
6310	162
6311	373
6312	307
6313	351
6314	194
6315	381
6316	306
6317	51
6318	331
6319	416
6320	207
6321	396
6322	221
6323	342
6324	428
6325	211
6326	263
6327	9
6328	335
6329	416
6330	61
6331	217
6332	375
6333	225
6334	171
6335	33
6336	394
6337	187
6338	463
6339	119
6340	265
6341	453
6342	352
6343	165
6344	229
6345	447
6346	51
6347	159
6348	312
6349	343
6350	325
6351	29
6352	354
6353	150
6354	203
6355	219
6356	173
6357	73
6358	383
6359	362
6360	97
6361	147
6362	216
6363	367
6364	307
6365	247
6366	188
6367	275
6368	301
6369	178
6370	28
6371	266
6372	198
6373	268
6374	378
6375	284
6376	29
6377	424
6378	96
6379	61
6380	145
6381	457
6382	171
6383	441
6384	335
6385	425
6386	247
6387	261
6388	43
6389	68
6390	320
6391	289
6392	438
6393	404
6394	210
6395	176
6396	371
6397	192
6398	298
6399	265
6400	432
6401	468
6402	364
6403	455
6404	426
6405	277
6406	160
6407	101
6408	370
6409	420
6410	381
6411	396
6412	142
6413	334
6414	174
6415	460
6416	291
6417	337
6418	373
6419	469
6420	312
6421	72
6422	289
6423	59
6424	9
6425	59
6426	409
6427	325
6428	32
6429	220
6430	224
6431	294
6432	229
6433	426
6434	59
6435	119
6436	220
6437	190
6438	4
6439	147
6440	213
6441	320
6442	425
6443	250
6444	129
6445	193
6446	176
6447	7
6448	296
6449	433
6450	137
6451	39
6452	243
6453	426
6454	50
6455	150
6456	391
6457	455
6458	337
6459	81
6460	39
6461	469
6462	257
6463	219
6464	305
6465	259
6466	14
6467	314
6468	345
6469	282
6470	278
6471	117
6472	374
6473	202
6474	24
6475	360
6476	345
6477	309
6478	437
6479	161
6480	42
6481	258
6482	71
6483	143
6484	279
6485	193
6486	458
6487	82
6488	127
6489	380
6490	362
6491	175
6492	425
6493	425
6494	175
6495	119
6496	68
6497	118
6498	371
6499	335
6500	229
6501	60
6502	210
6503	324
6504	126
6505	59
6506	462
6507	263
6508	101
6509	344
6510	399
6511	324
6512	399
6513	160
6514	252
6515	291
6516	337
6517	388
6518	321
6519	33
6520	378
6521	333
6522	274
6523	31
6524	336
6525	190
6526	409
6527	38
6528	33
6529	208
6530	243
6531	274
6532	72
6533	373
6534	59
6535	412
6536	468
6537	69
6538	127
6539	222
6540	289
6541	247
6542	185
6543	154
6544	389
6545	410
6546	35
6547	306
6548	189
6549	64
6550	262
6551	100
6552	253
6553	389
6554	7
6555	77
6556	29
6557	464
6558	468
6559	442
6560	202
6561	16
6562	65
6563	3
6564	58
6565	304
6566	89
6567	215
6568	298
6569	440
6570	152
6571	320
6572	29
6573	378
6574	82
6575	58
6576	126
6577	279
6578	211
6579	363
6580	421
6581	155
6582	6
6583	10
6584	266
6585	323
6586	337
6587	262
6588	288
6589	229
6590	287
6591	458
6592	352
6593	76
6594	223
6595	246
6596	424
6597	284
6598	86
6599	126
6600	327
6601	396
6602	455
6603	244
6604	372
6605	398
6606	132
6607	95
6608	462
6609	201
6610	376
6611	160
6612	328
6613	1
6614	466
6615	261
6616	319
6617	298
6618	408
6619	220
6620	349
6621	457
6622	219
6623	251
6624	29
6625	244
6626	153
6627	92
6628	96
6629	115
6630	331
6631	282
6632	363
6633	378
6634	105
6635	425
6636	178
6637	78
6638	58
6639	136
6640	228
6641	298
6642	161
6643	318
6644	42
6645	50
6646	281
6647	279
6648	41
6649	465
6650	212
6651	177
6652	375
6653	318
6654	89
6655	260
6656	234
6657	72
6658	81
6659	102
6660	189
6661	355
6662	241
6663	233
6664	137
6665	261
6666	177
6667	27
6668	77
6669	237
6670	321
6671	379
6672	160
6673	342
6674	165
6675	462
6676	74
6677	150
6678	305
6679	331
6680	128
6681	186
6682	207
6683	445
6684	246
6685	383
6686	73
6687	450
6688	210
6689	230
6690	366
6691	74
6692	123
6693	460
6694	153
6695	431
6696	261
6697	161
6698	196
6699	18
6700	264
6701	452
6702	240
6703	290
6704	182
6705	153
6706	97
6707	468
6708	93
6709	141
6710	187
6711	105
6712	79
6713	241
6714	139
6715	344
6716	413
6717	258
6718	430
6719	395
6720	440
6721	244
6722	450
6723	146
6724	361
6725	396
6726	176
6727	211
6728	402
6729	346
6730	272
6731	456
6732	83
6733	18
6734	288
6735	442
6736	378
6737	126
6738	4
6739	404
6740	149
6741	313
6742	427
6743	163
6744	354
6745	326
6746	129
6747	10
6748	43
6749	223
6750	288
6751	327
6752	93
6753	162
6754	38
6755	368
6756	431
6757	451
6758	308
6759	59
6760	149
6761	9
6762	217
6763	332
6764	130
6765	147
6766	405
6767	442
6768	362
6769	452
6770	120
6771	107
6772	105
6773	125
6774	369
6775	379
6776	385
6777	352
6778	145
6779	24
6780	318
6781	206
6782	465
6783	210
6784	348
6785	147
6786	74
6787	139
6788	208
6789	359
6790	461
6791	277
6792	420
6793	397
6794	269
6795	396
6796	91
6797	23
6798	404
6799	2
6800	155
6801	250
6802	59
6803	177
6804	440
6805	118
6806	288
6807	67
6808	304
6809	2
6810	324
6811	114
6812	76
6813	380
6814	108
6815	381
6816	290
6817	321
6818	469
6819	450
6820	190
6821	126
6822	61
6823	468
6824	186
6825	80
6826	363
6827	104
6828	253
6829	152
6830	125
6831	200
6832	283
6833	295
6834	199
6835	282
6836	425
6837	332
6838	89
6839	216
6840	334
6841	248
6842	331
6843	74
6844	298
6845	170
6846	447
6847	341
6848	75
6849	208
6850	318
6851	460
6852	257
6853	241
6854	303
6855	391
6856	433
6857	368
6858	380
6859	119
6860	86
6861	34
6862	14
6863	247
6864	447
6865	211
6866	125
6867	277
6868	233
6869	3
6870	163
6871	447
6872	106
6873	110
6874	369
6875	45
6876	375
6877	127
6878	18
6879	274
6880	424
6881	141
6882	117
6883	399
6884	353
6885	217
6886	256
6887	179
6888	354
6889	418
6890	106
6891	389
6892	23
6893	327
6894	265
6895	4
6896	446
6897	61
6898	169
6899	397
6900	2
6901	425
6902	96
6903	469
6904	321
6905	420
6906	127
6907	452
6908	319
6909	221
6910	18
6911	247
6912	433
6913	61
6914	133
6915	153
6916	189
6917	29
6918	440
6919	59
6920	274
6921	198
6922	164
6923	420
6924	315
6925	65
6926	270
6927	460
6928	333
6929	405
6930	333
6931	462
6932	395
6933	21
6934	271
6935	336
6936	415
6937	458
6938	425
6939	126
6940	178
6941	86
6942	469
6943	32
6944	215
6945	26
6946	274
6947	60
6948	4
6949	391
6950	168
6951	415
6952	11
6953	458
6954	215
6955	23
6956	236
6957	266
6958	342
6959	150
6960	305
6961	309
6962	85
6963	291
6964	408
6965	208
6966	165
6967	353
6968	456
6969	337
6970	65
6971	76
6972	399
6973	70
6974	62
6975	14
6976	179
6977	293
6978	460
6979	178
6980	58
6981	133
6982	111
6983	277
6984	61
6985	266
6986	248
6987	68
6988	375
6989	19
6990	305
6991	100
6992	274
6993	424
6994	50
6995	51
6996	386
6997	268
6998	285
6999	162
7000	441
7001	295
7002	69
7003	113
7004	35
7005	274
7006	127
7007	371
7008	367
7009	349
7010	212
7011	190
7012	459
7013	89
7014	371
7015	456
7016	457
7017	150
7018	158
7019	272
7020	348
7021	320
7022	216
7023	456
7024	442
7025	358
7026	189
7027	153
7028	265
7029	177
7030	416
7031	407
7032	212
7033	105
7034	42
7035	153
7036	194
7037	290
7038	331
7039	456
7040	253
7041	80
7042	356
7043	208
7044	468
7045	69
7046	428
7047	82
7048	29
7049	427
7050	150
7051	464
7052	461
7053	215
7054	155
7055	37
7056	396
7057	244
7058	200
7059	179
7060	235
7061	60
7062	36
7063	400
7064	253
7065	62
7066	219
7067	18
7068	216
7069	42
7070	48
7071	267
7072	88
7073	337
7074	379
7075	58
7076	464
7077	271
7078	2
7079	140
7080	320
7081	378
7082	148
7083	355
7084	355
7085	42
7086	153
7087	457
7088	61
7089	181
7090	412
7091	200
7092	127
7093	222
7094	406
7095	216
7096	96
7097	89
7098	255
7099	187
7100	320
7101	65
7102	199
7103	322
7104	217
7105	282
7106	37
7107	405
7108	179
7109	405
7110	23
7111	388
7112	452
7113	382
7114	148
7115	105
7116	23
7117	458
7118	390
7119	89
7120	331
7121	35
7122	110
7123	273
7124	73
7125	381
7126	120
7127	373
7128	460
7129	233
7130	141
7131	69
7132	403
7133	77
7134	3
7135	360
7136	124
7137	193
7138	206
7139	347
7140	7
7141	140
7142	14
7143	354
7144	26
7145	203
7146	172
7147	272
7148	97
7149	421
7150	467
7151	84
7152	45
7153	117
7154	398
7155	126
7156	59
7157	46
7158	339
7159	246
7160	52
7161	264
7162	215
7163	135
7164	221
7165	453
7166	264
7167	336
7168	415
7169	133
7170	171
7171	82
7172	235
7173	133
7174	206
7175	230
7176	412
7177	375
7178	43
7179	294
7180	261
7181	239
7182	90
7183	178
7184	294
7185	370
7186	82
7187	308
7188	45
7189	263
7190	280
7191	169
7192	276
7193	337
7194	401
7195	318
7196	275
7197	243
7198	133
7199	84
7200	179
7201	450
7202	306
7203	68
7204	456
7205	27
7206	416
7207	194
7208	149
7209	441
7210	59
7211	133
7212	25
7213	439
7214	463
7215	91
7216	158
7217	275
7218	365
7219	161
7220	10
7221	371
7222	110
7223	7
7224	363
7225	397
7226	190
7227	396
7228	334
7229	387
7230	203
7231	178
7232	371
7233	7
7234	404
7235	306
7236	112
7237	360
7238	236
7239	304
7240	16
7241	349
7242	128
7243	197
7244	213
7245	307
7246	159
7247	150
7248	1
7249	55
7250	164
7251	59
7252	76
7253	96
7254	323
7255	288
7256	18
7257	338
7258	18
7259	352
7260	424
7261	378
7262	6
7263	457
7264	322
7265	453
7266	363
7267	129
7268	135
7269	218
7270	23
7271	233
7272	456
7273	16
7274	274
7275	342
7276	379
7277	100
7278	150
7279	92
7280	469
7281	150
7282	213
7283	223
7284	72
7285	396
7286	6
7287	251
7288	291
7289	351
7290	137
7291	463
7292	240
7293	263
7294	274
7295	324
7296	315
7297	265
7298	341
7299	96
7300	95
7301	166
7302	303
7303	385
7304	71
7305	13
7306	321
7307	244
7308	14
7309	95
7310	331
7311	189
7312	220
7313	106
7314	231
7315	210
7316	82
7317	282
7318	3
7319	101
7320	313
7321	220
7322	245
7323	399
7324	355
7325	15
7326	463
7327	209
7328	160
7329	204
7330	394
7331	249
7332	274
7333	215
7334	60
7335	277
7336	223
7337	447
7338	336
7339	211
7340	219
7341	399
7342	102
7343	36
7344	153
7345	112
7346	159
7347	133
7348	15
7349	159
7350	391
7351	136
7352	270
7353	313
7354	354
7355	379
7356	37
7357	362
7358	462
7359	448
7360	42
7361	176
7362	62
7363	301
7364	265
7365	460
7366	150
7367	398
7368	423
7369	321
7370	30
7371	434
7372	468
7373	199
7374	288
7375	389
7376	11
7377	35
7378	176
7379	358
7380	26
7381	367
7382	31
7383	450
7384	379
7385	21
7386	303
7387	199
7388	37
7389	197
7390	446
7391	272
7392	388
7393	328
7394	198
7395	451
7396	4
7397	271
7398	100
7399	75
7400	223
7401	127
7402	337
7403	119
7404	311
7405	397
7406	315
7407	424
7408	97
7409	153
7410	274
7411	18
7412	310
7413	60
7414	328
7415	155
7416	261
7417	301
7418	468
7419	69
7420	361
7421	31
7422	7
7423	61
7424	275
7425	163
7426	106
7427	446
7428	429
7429	303
7430	197
7431	238
7432	426
7433	411
7434	153
7435	153
7436	447
7437	115
7438	208
7439	253
7440	272
7441	228
7442	224
7443	315
7444	321
7445	337
7446	319
7447	28
7448	360
7449	347
7450	349
7451	62
7452	420
7453	149
7454	95
7455	27
7456	212
7457	167
7458	280
7459	213
7460	31
7461	291
7462	22
7463	25
7464	437
7465	181
7466	267
7467	440
7468	299
7469	327
7470	272
7471	57
7472	228
7473	72
7474	127
7475	241
7476	142
7477	210
7478	377
7479	97
7480	216
7481	65
7482	268
7483	195
7484	277
7485	25
7486	37
7487	215
7488	180
7489	149
7490	182
7491	16
7492	236
7493	336
7494	158
7495	463
7496	420
7497	65
7498	318
7499	267
7500	180
7501	31
7502	204
7503	188
7504	86
7505	171
7506	14
7507	170
7508	456
7509	291
7510	235
7511	432
7512	466
7513	342
7514	383
7515	398
7516	363
7517	456
7518	224
7519	324
7520	258
7521	274
7522	374
7523	288
7524	346
7525	213
7526	365
7527	424
7528	401
7529	4
7530	372
7531	423
7532	399
7533	418
7534	60
7535	127
7536	176
7537	447
7538	118
7539	228
7540	378
7541	174
7542	425
7543	235
7544	80
7545	154
7546	161
7547	161
7548	3
7549	316
7550	8
7551	180
7552	171
7553	327
7554	212
7555	11
7556	416
7557	324
7558	110
7559	193
7560	285
7561	326
7562	155
7563	89
7564	268
7565	23
7566	150
7567	90
7568	105
7569	175
7570	318
7571	98
7572	305
7573	72
7574	194
7575	423
7576	220
7577	106
7578	389
7579	409
7580	396
7581	106
7582	74
7583	67
7584	405
7585	255
7586	374
7587	176
7588	62
7589	179
7590	250
7591	271
7592	399
7593	329
7594	272
7595	456
7596	419
7597	341
7598	444
7599	86
7600	74
7601	250
7602	275
7603	400
7604	458
7605	319
7606	234
7607	395
7608	425
7609	461
7610	137
7611	36
7612	384
7613	306
7614	127
7615	305
7616	252
7617	332
7618	39
7619	378
7620	223
7621	132
7622	214
7623	95
7624	215
7625	462
7626	447
7627	129
7628	255
7629	200
7630	447
7631	48
7632	80
7633	221
7634	306
7635	7
7636	278
7637	373
7638	396
7639	126
7640	216
7641	396
7642	220
7643	327
7644	41
7645	252
7646	354
7647	135
7648	166
7649	3
7650	143
7651	25
7652	361
7653	274
7654	215
7655	468
7656	73
7657	26
7658	398
7659	73
7660	327
7661	224
7662	153
7663	210
7664	378
7665	324
7666	64
7667	14
7668	437
7669	416
7670	380
7671	324
7672	318
7673	61
7674	229
7675	363
7676	353
7677	161
7678	272
7679	6
7680	222
7681	74
7682	295
7683	244
7684	16
7685	189
7686	388
7687	434
7688	438
7689	32
7690	257
7691	44
7692	303
7693	280
7694	73
7695	462
7696	449
7697	455
7698	325
7699	281
7700	355
7701	101
7702	93
7703	342
7704	342
7705	363
7706	212
7707	16
7708	278
7709	442
7710	395
7711	268
7712	209
7713	255
7714	233
7715	244
7716	58
7717	168
7718	360
7719	311
7720	221
7721	219
7722	464
7723	109
7724	48
7725	154
7726	166
7727	95
7728	396
7729	144
7730	243
7731	469
7732	15
7733	384
7734	403
7735	36
7736	244
7737	261
7738	318
7739	295
7740	271
7741	361
7742	80
7743	301
7744	98
7745	193
7746	206
7747	44
7748	210
7749	389
7750	60
7751	196
7752	72
7753	354
7754	320
7755	100
7756	187
7757	307
7758	152
7759	105
7760	439
7761	388
7762	133
7763	125
7764	155
7765	417
7766	61
7767	352
7768	58
7769	275
7770	265
7771	260
7772	352
7773	213
7774	96
7775	330
7776	429
7777	148
7778	417
7779	339
7780	469
7781	178
7782	224
7783	263
7784	2
7785	309
7786	430
7787	80
7788	88
7789	205
7790	200
7791	174
7792	342
7793	248
7794	215
7795	274
7796	1
7797	28
7798	117
7799	430
7800	23
7801	105
7802	126
7803	424
7804	382
7805	208
7806	80
7807	29
7808	373
7809	324
7810	261
7811	193
7812	82
7813	468
7814	130
7815	450
7816	416
7817	166
7818	310
7819	228
7820	396
7821	306
7822	413
7823	179
7824	293
7825	442
7826	403
7827	361
7828	176
7829	363
7830	126
7831	375
7832	244
7833	184
7834	365
7835	277
7836	226
7837	104
7838	150
7839	153
7840	302
7841	14
7842	214
7843	23
7844	436
7845	458
7846	263
7847	374
7848	158
7849	297
7850	388
7851	137
7852	194
7853	456
7854	246
7855	137
7856	139
7857	381
7858	147
7859	254
7860	139
7861	74
7862	427
7863	263
7864	50
7865	210
7866	210
7867	383
7868	90
7869	229
7870	189
7871	361
7872	173
7873	203
7874	133
7875	253
7876	365
7877	27
7878	24
7879	134
7880	195
7881	360
7882	144
7883	387
7884	415
7885	57
7886	401
7887	240
7888	49
7889	23
7890	1
7891	352
7892	106
7893	101
7894	155
7895	462
7896	194
7897	344
7898	209
7899	369
7900	49
7901	76
7902	105
7903	295
7904	339
7905	249
7906	371
7907	301
7908	362
7909	36
7910	74
7911	365
7912	57
7913	105
7914	29
7915	153
7916	273
7917	447
7918	274
7919	456
7920	31
7921	469
7922	275
7923	339
7924	354
7925	147
7926	356
7927	27
7928	333
7929	179
7930	57
7931	55
7932	389
7933	390
7934	225
7935	59
7936	159
7937	298
7938	174
7939	388
7940	39
7941	468
7942	324
7943	440
7944	178
7945	74
7946	345
7947	271
7948	110
7949	119
7950	129
7951	15
7952	62
7953	171
7954	149
7955	32
7956	183
7957	338
7958	318
7959	18
7960	399
7961	84
7962	124
7963	13
7964	60
7965	344
7966	241
7967	189
7968	101
7969	339
7970	247
7971	400
7972	310
7973	13
7974	462
7975	425
7976	307
7977	112
7978	49
7979	20
7980	225
7981	99
7982	12
7983	23
7984	224
7985	396
7986	259
7987	388
7988	230
7989	257
7990	363
7991	261
7992	277
7993	462
7994	372
7995	459
7996	259
7997	211
7998	135
7999	160
8000	137
8001	282
8002	223
8003	219
8004	469
8005	263
8006	391
8007	416
8008	16
8009	133
8010	229
8011	304
8012	71
8013	248
8014	239
8015	424
8016	49
8017	214
8018	42
8019	147
8020	466
8021	325
8022	438
8023	363
8024	322
8025	266
8026	1
8027	54
8028	308
8029	302
8030	1
8031	396
8032	1
8033	22
8034	234
8035	432
8036	161
8037	80
8038	7
8039	253
8040	144
8041	159
8042	268
8043	312
8044	453
8045	334
8046	287
8047	352
8048	295
8049	411
8050	67
8051	59
8052	150
8053	432
8054	43
8055	152
8056	321
8057	310
8058	241
8059	342
8060	261
8061	469
8062	137
8063	254
8064	132
8065	298
8066	371
8067	160
8068	339
8069	294
8070	199
8071	358
8072	377
8073	148
8074	277
8075	300
8076	409
8077	352
8078	144
8079	220
8080	110
8081	396
8082	178
8083	26
8084	352
8085	174
8086	159
8087	23
8088	147
8089	205
8090	379
8091	249
8092	456
8093	177
8094	126
8095	54
8096	244
8097	155
8098	266
8099	165
8100	449
8101	255
8102	396
8103	74
8104	248
8105	250
8106	336
8107	460
8108	160
8109	400
8110	314
8111	396
8112	155
8113	446
8114	36
8115	320
8116	106
8117	396
8118	298
8119	58
8120	464
8121	121
8122	321
8123	177
8124	60
8125	357
8126	458
8127	74
8128	181
8129	311
8130	365
8131	147
8132	147
8133	93
8134	387
8135	410
8136	215
8137	327
8138	418
8139	334
8140	127
8141	65
8142	204
8143	88
8144	303
8145	381
8146	213
8147	7
8148	407
8149	310
8150	156
8151	291
8152	69
8153	150
8154	416
8155	280
8156	14
8157	324
8158	24
8159	361
8160	15
8161	34
8162	117
8163	430
8164	291
8165	261
8166	36
8167	29
8168	110
8169	264
8170	301
8171	175
8172	231
8173	422
8174	114
8175	189
8176	374
8177	462
8178	216
8179	37
8180	105
8181	160
8182	223
8183	446
8184	61
8185	352
8186	86
8187	324
8188	255
8189	271
8190	72
8191	395
8192	194
8193	161
8194	455
8195	123
8196	443
8197	306
8198	179
8199	166
8200	208
8201	33
8202	457
8203	96
8204	275
8205	224
8206	121
8207	301
8208	265
8209	460
8210	164
8211	164
8212	142
8213	300
8214	83
8215	278
8216	447
8217	140
8218	291
8219	433
8220	27
8221	210
8222	388
8223	84
8224	402
8225	334
8226	75
8227	148
8228	411
8229	278
8230	361
8231	314
8232	355
8233	7
8234	404
8235	427
8236	131
8237	229
8238	57
8239	154
8240	21
8241	457
8242	82
8243	54
8244	405
8245	133
8246	110
8247	393
8248	361
8249	303
8250	61
8251	62
8252	55
8253	133
8254	147
8255	324
8256	237
8257	1
8258	379
8259	395
8260	396
8261	275
8262	229
8263	7
8264	101
8265	160
8266	327
8267	175
8268	199
8269	272
8270	129
8271	25
8272	48
8273	248
8274	153
8275	369
8276	467
8277	300
8278	110
8279	368
8280	65
8281	468
8282	147
8283	103
8284	469
8285	358
8286	204
8287	147
8288	44
8289	320
8290	311
8291	277
8292	68
8293	126
8294	266
8295	206
8296	137
8297	433
8298	173
8299	284
8300	165
8301	208
8302	270
8303	238
8304	33
8305	423
8306	99
8307	460
8308	1
8309	212
8310	301
8311	135
8312	57
8313	275
8314	59
8315	345
8316	29
8317	42
8318	138
8319	312
8320	220
8321	298
8322	7
8323	7
8324	214
8325	364
8326	26
8327	268
8328	277
8329	27
8330	368
8331	206
8332	189
8333	333
8334	343
8335	378
8336	264
8337	204
8338	229
8339	389
8340	368
8341	298
8342	152
8343	281
8344	42
8345	149
8346	111
8347	388
8348	291
8349	268
8350	291
8351	199
8352	310
8353	65
8354	144
8355	101
8356	135
8357	150
8358	33
8359	210
8360	161
8361	102
8362	164
8363	129
8364	361
8365	219
8366	82
8367	83
8368	371
8369	131
8370	398
8371	165
8372	402
8373	411
8374	225
8375	96
8376	163
8377	233
8378	449
8379	455
8380	379
8381	347
8382	70
8383	222
8384	217
8385	193
8386	183
8387	249
8388	36
8389	469
8390	33
8391	356
8392	352
8393	80
8394	249
8395	436
8396	137
8397	271
8398	456
8399	154
8400	439
8401	440
8402	165
8403	200
8404	181
8405	369
8406	155
8407	24
8408	306
8409	253
8410	410
8411	469
8412	462
8413	178
8414	111
8415	242
8416	391
8417	436
8418	416
8419	389
8420	237
8421	14
8422	42
8423	150
8424	179
8425	129
8426	248
8427	261
8428	455
8429	469
8430	119
8431	327
8432	149
8433	244
8434	276
8435	160
8436	136
8437	318
8438	459
8439	56
8440	241
8441	280
8442	320
8443	325
8444	31
8445	337
8446	193
8447	339
8448	388
8449	96
8450	170
8451	179
8452	342
8453	172
8454	374
8455	304
8456	294
8457	137
8458	175
8459	392
8460	1
8461	332
8462	113
8463	65
8464	228
8465	425
8466	222
8467	347
8468	110
8469	292
8470	230
8471	360
8472	233
8473	381
8474	291
8475	223
8476	301
8477	109
8478	221
8479	425
8480	369
8481	372
8482	288
8483	353
8484	386
8485	144
8486	14
8487	35
8488	213
8489	39
8490	105
8491	460
8492	2
8493	248
8494	51
8495	336
8496	414
8497	84
8498	181
8499	160
8500	72
8501	418
8502	347
8503	46
8504	334
8505	350
8506	365
8507	42
8508	291
8509	101
8510	341
8511	133
8512	463
8513	430
8514	173
8515	58
8516	25
8517	112
8518	122
8519	100
8520	467
8521	60
8522	176
8523	18
8524	360
8525	319
8526	249
8527	183
8528	334
8529	71
8530	105
8531	350
8532	313
8533	448
8534	455
8535	106
8536	195
8537	412
8538	31
8539	110
8540	90
8541	213
8542	454
8543	72
8544	425
8545	14
8546	461
8547	283
8548	415
8549	388
8550	391
8551	101
8552	136
8553	176
8554	44
8555	381
8556	100
8557	179
8558	350
8559	241
8560	144
8561	96
8562	127
8563	200
8564	150
8565	40
8566	224
8567	283
8568	252
8569	241
8570	71
8571	61
8572	208
8573	192
8574	250
8575	55
8576	119
8577	247
8578	464
8579	136
8580	464
8581	174
8582	112
8583	76
8584	241
8585	368
8586	261
8587	456
8588	263
8589	392
8590	392
8591	251
8592	308
8593	119
8594	274
8595	98
8596	281
8597	469
8598	181
8599	149
8600	177
8601	298
8602	441
8603	295
8604	283
8605	202
8606	363
8607	104
8608	217
8609	268
8610	3
8611	147
8612	346
8613	177
8614	68
8615	271
8616	324
8617	388
8618	74
8619	437
8620	362
8621	317
8622	31
8623	153
8624	50
8625	270
8626	110
8627	25
8628	34
8629	375
8630	396
8631	131
8632	149
8633	245
8634	89
8635	245
8636	46
8637	45
8638	188
8639	404
8640	130
8641	234
8642	460
8643	380
8644	288
8645	421
8646	325
8647	137
8648	153
8649	248
8650	339
8651	229
8652	44
8653	165
8654	80
8655	17
8656	56
8657	289
8658	215
8659	374
8660	378
8661	324
8662	66
8663	402
8664	341
8665	189
8666	39
8667	33
8668	132
8669	176
8670	150
8671	40
8672	305
8673	58
8674	225
8675	18
8676	466
8677	160
8678	278
8679	180
8680	81
8681	347
8682	299
8683	1
8684	414
8685	97
8686	105
8687	114
8688	274
8689	268
8690	165
8691	396
8692	179
8693	275
8694	109
8695	444
8696	69
8697	365
8698	168
8699	365
8700	218
8701	430
8702	127
8703	112
8704	460
8705	458
8706	277
8707	159
8708	157
8709	30
8710	47
8711	443
8712	264
8713	206
8714	389
8715	113
8716	255
8717	13
8718	398
8719	316
8720	460
8721	318
8722	288
8723	275
8724	46
8725	261
8726	119
8727	28
8728	421
8729	277
8730	48
8731	371
8732	110
8733	172
8734	332
8735	136
8736	177
8737	263
8738	104
8739	435
8740	224
8741	349
8742	424
8743	443
8744	1
8745	272
8746	167
8747	327
8748	396
8749	25
8750	25
8751	190
8752	153
8753	102
8754	296
8755	361
8756	182
8757	146
8758	314
8759	369
8760	62
8761	110
8762	242
8763	419
8764	252
8765	371
8766	162
8767	206
8768	60
8769	393
8770	318
8771	32
8772	210
8773	229
8774	309
8775	244
8776	422
8777	213
8778	213
8779	74
8780	410
8781	5
8782	215
8783	212
8784	193
8785	354
8786	86
8787	15
8788	381
8789	199
8790	365
8791	425
8792	362
8793	401
8794	191
8795	327
8796	87
8797	178
8798	396
8799	467
8800	295
8801	304
8802	96
8803	383
8804	14
8805	274
8806	301
8807	178
8808	189
8809	194
8810	381
8811	355
8812	468
8813	321
8814	235
8815	246
8816	359
8817	334
8818	27
8819	99
8820	436
8821	14
8822	229
8823	211
8824	149
8825	341
8826	360
8827	265
8828	142
8829	265
8830	60
8831	210
8832	95
8833	375
8834	305
8835	34
8836	381
8837	400
8838	232
8839	241
8840	337
8841	115
8842	442
8843	145
8844	228
8845	337
8846	133
8847	193
8848	73
8849	409
8850	243
8851	135
8852	123
8853	216
8854	228
8855	143
8856	321
8857	61
8858	415
8859	80
8860	266
8861	367
8862	194
8863	185
8864	289
8865	111
8866	334
8867	57
8868	64
8869	129
8870	178
8871	162
8872	100
8873	396
8874	272
8875	441
8876	179
8877	330
8878	320
8879	389
8880	280
8881	145
8882	125
8883	231
8884	362
8885	188
8886	460
8887	462
8888	114
8889	279
8890	79
8891	210
8892	101
8893	303
8894	265
8895	224
8896	126
8897	371
8898	364
8899	339
8900	119
8901	244
8902	67
8903	164
8904	202
8905	284
8906	162
8907	86
8908	344
8909	441
8910	55
8911	253
8912	98
8913	187
8914	77
8915	46
8916	106
8917	458
8918	147
8919	274
8920	174
8921	215
8922	225
8923	378
8924	181
8925	441
8926	443
8927	58
8928	82
8929	442
8930	333
8931	65
8932	261
8933	91
8934	8
8935	399
8936	234
8937	181
8938	255
8939	432
8940	109
8941	122
8942	233
8943	5
8944	23
8945	277
8946	378
8947	432
8948	405
8949	288
8950	366
8951	301
8952	69
8953	19
8954	54
8955	216
8956	24
8957	466
8958	354
8959	42
8960	352
8961	105
8962	337
8963	398
8964	280
8965	149
8966	132
8967	278
8968	333
8969	413
8970	335
8971	30
8972	133
8973	176
8974	88
8975	21
8976	165
8977	346
8978	42
8979	325
8980	230
8981	454
8982	313
8983	432
8984	312
8985	284
8986	132
8987	446
8988	216
8989	219
8990	311
8991	395
8992	4
8993	66
8994	31
8995	98
8996	468
8997	125
8998	391
8999	321
9000	347
9001	357
9002	436
9003	142
9004	155
9005	14
9006	230
9007	77
9008	410
9009	31
9010	299
9011	76
9012	160
9013	426
9014	192
9015	136
9016	248
9017	247
9018	324
9019	290
9020	261
9021	210
9022	381
9023	74
9024	375
9025	304
9026	405
9027	42
9028	1
9029	249
9030	237
9031	117
9032	216
9033	117
9034	337
9035	415
9036	390
9037	306
9038	132
9039	224
9040	179
9041	297
9042	369
9043	399
9044	380
9045	4
9046	205
9047	120
9048	330
9049	58
9050	293
9051	402
9052	111
9053	210
9054	333
9055	68
9056	253
9057	1
9058	420
9059	58
9060	24
9061	252
9062	119
9063	380
9064	424
9065	343
9066	421
9067	321
9068	126
9069	278
9070	187
9071	333
9072	231
9073	194
9074	268
9075	230
9076	17
9077	268
9078	74
9079	342
9080	211
9081	165
9082	457
9083	217
9084	50
9085	65
9086	228
9087	259
9088	177
9089	381
9090	40
9091	72
9092	311
9093	74
9094	324
9095	164
9096	121
9097	226
9098	193
9099	360
9100	72
9101	468
9102	205
9103	303
9104	106
9105	277
9106	215
9107	98
9108	464
9109	203
9110	289
9111	375
9112	463
9113	305
9114	339
9115	35
9116	25
9117	36
9118	180
9119	181
9120	298
9121	410
9122	214
9123	60
9124	369
9125	32
9126	150
9127	284
9128	207
9129	89
9130	164
9131	220
9132	375
9133	305
9134	189
9135	358
9136	451
9137	80
9138	365
9139	228
9140	160
9141	82
9142	213
9143	59
9144	287
9145	87
9146	274
9147	175
9148	301
9149	280
9150	319
9151	23
9152	391
9153	58
9154	425
9155	347
9156	398
9157	355
9158	458
9159	119
9160	304
9161	437
9162	375
9163	219
9164	435
9165	210
9166	229
9167	153
9168	113
9169	391
9170	17
9171	261
9172	426
9173	215
9174	266
9175	41
9176	249
9177	114
9178	288
9179	211
9180	412
9181	352
9182	215
9183	401
9184	31
9185	93
9186	355
9187	1
9188	201
9189	119
9190	159
9191	149
9192	355
9193	42
9194	211
9195	451
9196	176
9197	425
9198	337
9199	142
9200	378
9201	31
9202	381
9203	187
9204	414
9205	211
9206	330
9207	59
9208	211
9209	197
9210	318
9211	200
9212	237
9213	177
9214	44
9215	93
9216	261
9217	458
9218	168
9219	239
9220	72
9221	427
9222	438
9223	288
9224	215
9225	74
9226	163
9227	162
9228	17
9229	27
9230	278
9231	291
9232	117
9233	69
9234	36
9235	320
9236	144
9237	458
9238	206
9239	247
9240	365
9241	307
9242	97
9243	15
9244	220
9245	446
9246	139
9247	90
9248	210
9249	119
9250	274
9251	4
9252	372
9253	281
9254	295
9255	216
9256	160
9257	133
9258	321
9259	463
9260	274
9261	405
9262	277
9263	384
9264	23
9265	224
9266	204
9267	28
9268	18
9269	253
9270	354
9271	149
9272	421
9273	399
9274	129
9275	217
9276	195
9277	436
9278	137
9279	434
9280	93
9281	216
9282	72
9283	87
9284	410
9285	378
9286	95
9287	174
9288	150
9289	313
9290	103
9291	337
9292	387
9293	150
9294	119
9295	147
9296	261
9297	363
9298	241
9299	295
9300	451
9301	83
9302	140
9303	55
9304	441
9305	14
9306	34
9307	398
9308	462
9309	442
9310	80
9311	129
9312	440
9313	462
9314	187
9315	42
9316	331
9317	199
9318	86
9319	17
9320	306
9321	145
9322	441
9323	459
9324	18
9325	157
9326	340
9327	220
9328	341
9329	8
9330	110
9331	12
9332	76
9333	111
9334	164
9335	15
9336	352
9337	221
9338	360
9339	312
9340	31
9341	440
9342	345
9343	3
9344	281
9345	123
9346	416
9347	274
9348	227
9349	220
9350	15
9351	94
9352	84
9353	291
9354	60
9355	86
9356	457
9357	184
9358	274
9359	96
9360	233
9361	214
9362	90
9363	147
9364	259
9365	344
9366	337
9367	360
9368	439
9369	305
9370	40
9371	181
9372	224
9373	136
9374	299
9375	73
9376	374
9377	136
9378	198
9379	469
9380	316
9381	61
9382	412
9383	29
9384	401
9385	226
9386	38
9387	160
9388	404
9389	410
9390	163
9391	23
9392	200
9393	275
9394	118
9395	436
9396	48
9397	241
9398	211
9399	282
9400	101
9401	129
9402	421
9403	461
9404	134
9405	286
9406	165
9407	233
9408	295
9409	76
9410	238
9411	8
9412	358
9413	320
9414	74
9415	205
9416	66
9417	205
9418	337
9419	280
9420	268
9421	339
9422	223
9423	244
9424	213
9425	86
9426	140
9427	240
9428	161
9429	324
9430	359
9431	58
9432	365
9433	17
9434	219
9435	408
9436	150
9437	134
9438	241
9439	24
9440	408
9441	261
9442	380
9443	456
9444	424
9445	176
9446	219
9447	82
9448	429
9449	219
9450	348
9451	395
9452	332
9453	51
9454	102
9455	399
9456	153
9457	209
9458	375
9459	292
9460	62
9461	407
9462	321
9463	25
9464	365
9465	173
9466	288
9467	405
9468	18
9469	5
9470	263
9471	68
9472	455
9473	208
9474	230
9475	211
9476	392
9477	450
9478	274
9479	24
9480	109
9481	208
9482	28
9483	391
9484	23
9485	72
9486	149
9487	213
9488	19
9489	219
9490	163
9491	353
9492	388
9493	335
9494	447
9495	237
9496	341
9497	31
9498	150
9499	31
9500	289
9501	176
9502	375
9503	101
9504	230
9505	212
9506	62
9507	263
9508	27
9509	200
9510	339
9511	301
9512	312
9513	29
9514	284
9515	372
9516	354
9517	339
9518	167
9519	249
9520	41
9521	216
9522	184
9523	149
9524	186
9525	169
9526	176
9527	274
9528	230
9529	340
9530	469
9531	372
9532	170
9533	70
9534	330
9535	122
9536	463
9537	277
9538	58
9539	172
9540	1
9541	89
9542	358
9543	112
9544	462
9545	238
9546	411
9547	233
9548	244
9549	248
9550	142
9551	448
9552	341
9553	85
9554	304
9555	304
9556	273
9557	115
9558	58
9559	353
9560	223
9561	275
9562	255
9563	436
9564	248
9565	271
9566	352
9567	373
9568	369
9569	444
9570	192
9571	51
9572	399
9573	193
9574	101
9575	65
9576	57
9577	33
9578	409
9579	79
9580	420
9581	366
9582	183
9583	97
9584	350
9585	266
9586	253
9587	432
9588	105
9589	101
9590	408
9591	310
9592	334
9593	233
9594	416
9595	76
9596	102
9597	249
9598	65
9599	321
9600	304
9601	59
9602	159
9603	464
9604	442
9605	425
9606	415
9607	123
9608	198
9609	117
9610	67
9611	220
9612	180
9613	285
9614	415
9615	288
9616	201
9617	341
9618	278
9619	389
9620	136
9621	191
9622	439
9623	124
9624	205
9625	235
9626	445
9627	192
9628	225
9629	99
9630	355
9631	241
9632	89
9633	179
9634	78
9635	371
9636	28
9637	337
9638	83
9639	70
9640	60
9641	339
9642	339
9643	276
9644	65
9645	118
9646	253
9647	245
9648	360
9649	252
9650	107
9651	344
9652	130
9653	303
9654	313
9655	452
9656	127
9657	438
9658	444
9659	415
9660	144
9661	218
9662	399
9663	95
9664	264
9665	28
9666	96
9667	376
9668	146
9669	61
9670	215
9671	15
9672	25
9673	23
9674	357
9675	109
9676	398
9677	88
9678	371
9679	442
9680	358
9681	355
9682	344
9683	375
9684	236
9685	204
9686	436
9687	393
9688	456
9689	468
9690	271
9691	425
9692	274
9693	155
9694	447
9695	24
9696	424
9697	245
9698	119
9699	50
9700	174
9701	179
9702	325
9703	383
9704	136
9705	155
9706	458
9707	413
9708	34
9709	352
9710	422
9711	373
9712	453
9713	91
9714	157
9715	119
9716	228
9717	173
9718	225
9719	379
9720	372
9721	317
9722	447
9723	2
9724	124
9725	132
9726	49
9727	193
9728	172
9729	171
9730	388
9731	324
9732	246
9733	152
9734	301
9735	397
9736	307
9737	306
9738	381
9739	229
9740	275
9741	233
9742	149
9743	443
9744	297
9745	458
9746	177
9747	331
9748	373
9749	174
9750	447
9751	334
9752	440
9753	136
9754	352
9755	298
9756	301
9757	108
9758	381
9759	442
9760	212
9761	208
9762	277
9763	55
9764	145
9765	293
9766	263
9767	289
9768	169
9769	159
9770	288
9771	59
9772	212
9773	126
9774	389
9775	401
9776	297
9777	221
9778	36
9779	85
9780	268
9781	279
9782	262
9783	388
9784	424
9785	236
9786	360
9787	120
9788	32
9789	127
9790	343
9791	55
9792	96
9793	349
9794	277
9795	434
9796	336
9797	381
9798	113
9799	23
9800	42
9801	362
9802	240
9803	267
9804	219
9805	208
9806	219
9807	58
9808	171
9809	303
9810	62
9811	138
9812	230
9813	278
9814	261
9815	255
9816	368
9817	66
9818	225
9819	369
9820	68
9821	294
9822	199
9823	465
9824	95
9825	105
9826	339
9827	371
9828	373
9829	56
9830	187
9831	403
9832	344
9833	414
9834	80
9835	353
9836	215
9837	395
9838	275
9839	425
9840	246
9841	56
9842	175
9843	16
9844	41
9845	416
9846	367
9847	309
9848	266
9849	424
9850	47
9851	144
9852	465
9853	11
9854	208
9855	149
9856	456
9857	272
9858	402
9859	21
9860	277
9861	150
9862	14
9863	403
9864	457
9865	271
9866	416
9867	268
9868	242
9869	148
9870	358
9871	219
9872	135
9873	26
9874	420
9875	268
9876	405
9877	160
9878	380
9879	330
9880	245
9881	189
9882	275
9883	69
9884	119
9885	189
9886	69
9887	29
9888	330
9889	23
9890	458
9891	112
9892	158
9893	127
9894	184
9895	332
9896	256
9897	327
9898	397
9899	332
9900	395
9901	344
9902	289
9903	347
9904	356
9905	133
9906	63
9907	69
9908	26
9909	233
9910	187
9911	225
9912	63
9913	72
9914	181
9915	85
9916	351
9917	256
9918	460
9919	161
9920	367
9921	103
9922	263
9923	53
9924	59
9925	449
9926	121
9927	441
9928	38
9929	396
9930	469
9931	32
9932	314
9933	272
9934	388
9935	134
9936	246
9937	440
9938	354
9939	169
9940	289
9941	154
9942	160
9943	187
9944	248
9945	286
9946	123
9947	178
9948	110
9949	297
9950	415
9951	58
9952	388
9953	137
9954	398
9955	395
9956	18
9957	253
9958	189
9959	339
9960	80
9961	56
9962	36
9963	247
9964	19
9965	298
9966	58
9967	392
9968	32
9969	163
9970	333
9971	96
9972	137
9973	303
9974	149
9975	144
9976	191
9977	100
9978	77
9979	106
9980	254
9981	215
9982	195
9983	456
9984	191
9985	431
9986	181
9987	283
9988	52
9989	210
9990	61
9991	2
9992	274
9993	35
9994	365
9995	4
9996	288
9997	394
9998	221
9999	412
10000	366
